50
1459
92	47	54	49	39	41	55	70	77	41	55	10	85	92	52	64	7	36	81	14	32	76	73	24	72	2	9	43	34	90	97	61	1	55	17	91	34	45	43	76	12	63	83	77	34	53	62	69	4	64	
63	99	34	27	20	36	90	8	61	59	94	30	70	24	66	94	87	35	57	86	46	3	5	75	84	94	22	12	97	54	9	98	65	53	35	17	54	98	100	92	34	84	99	32	90	18	44	64	20	45	
99	58	14	7	77	68	7	33	79	50	10	52	58	67	18	70	35	38	49	15	91	24	91	17	84	68	74	80	6	29	24	19	54	75	42	51	91	8	45	45	57	1	10	17	36	58	55	7	6	9	
34	14	71	98	19	66	98	25	48	89	2	100	94	4	42	21	10	45	77	15	4	60	17	58	49	6	46	88	92	30	73	90	99	15	72	18	63	63	75	10	91	94	11	7	54	1	2	1	32	73	
27	7	98	45	45	87	3	33	40	27	90	20	97	76	17	36	59	49	84	65	26	40	57	10	41	99	2	4	33	84	33	50	68	91	75	56	80	43	81	62	75	46	34	62	87	80	30	33	21	51	
20	77	19	45	21	2	83	72	15	53	81	65	81	14	7	36	70	85	93	32	80	22	38	41	43	41	18	19	1	87	64	85	95	48	44	23	54	43	53	23	65	48	24	87	21	64	15	55	45	3	
36	68	66	87	2	86	98	55	44	63	75	10	47	79	86	25	78	55	23	82	8	95	13	20	24	18	72	92	4	83	42	14	52	19	50	15	88	100	24	52	71	60	72	71	68	21	41	30	27	76	
90	7	98	3	83	98	53	29	73	70	73	17	50	83	5	16	77	94	47	11	50	4	100	82	70	38	58	26	62	52	64	58	41	95	85	20	48	60	81	72	27	91	95	86	66	6	29	3	55	59	
8	33	25	33	72	55	29	38	2	54	49	69	51	90	48	86	98	67	90	21	49	92	62	95	87	90	9	32	33	37	83	53	63	2	76	48	91	43	75	8	9	59	84	68	11	25	33	98	42	83	
61	79	48	40	15	44	73	2	24	14	78	25	93	50	92	22	85	83	48	76	73	34	41	64	18	13	66	54	43	25	98	28	57	50	95	11	98	17	86	27	66	26	86	69	67	30	74	65	64	31	
59	50	89	27	53	63	70	54	14	14	10	97	2	29	19	68	64	29	76	60	78	8	93	47	39	25	97	28	76	32	39	51	78	35	52	12	27	80	54	54	82	38	2	12	15	61	72	91	19	7	
94	10	2	90	81	75	73	49	78	10	1	1	96	94	11	53	58	34	85	12	2	61	1	83	14	32	91	16	21	96	84	83	51	72	47	57	4	100	62	45	91	29	58	30	97	30	97	15	3	84	
30	52	100	20	65	10	17	69	25	97	1	3	78	22	1	15	53	54	32	69	39	34	46	78	19	97	92	3	8	57	99	94	54	17	40	8	12	38	58	48	31	25	35	64	1	60	31	52	81	4	
70	58	94	97	81	47	50	51	93	2	96	78	78	54	93	46	99	53	57	6	7	53	87	30	63	100	84	49	10	75	43	17	7	48	44	80	16	32	31	34	49	51	54	23	85	14	88	33	7	40	
24	67	4	76	14	79	83	90	50	29	94	22	54	73	72	87	21	39	69	26	69	2	97	74	63	17	98	96	43	68	5	61	64	12	15	71	64	71	27	11	84	66	17	92	13	94	94	84	86	14	
66	18	42	17	7	86	5	48	92	19	11	1	93	72	92	77	26	64	31	69	12	4	35	34	70	9	76	93	33	94	36	18	19	32	55	57	20	50	24	57	61	89	35	46	51	87	50	97	35	10	
94	70	21	36	36	25	16	86	22	68	53	15	46	87	77	84	70	91	28	40	62	59	11	63	53	66	54	4	31	51	89	43	10	90	24	4	75	85	58	73	77	66	100	75	9	42	21	40	28	44	
87	35	10	59	70	78	77	98	85	64	58	53	99	21	26	70	18	12	19	37	62	93	42	78	54	42	23	64	5	78	78	69	19	44	30	48	45	6	23	69	9	98	21	39	5	14	62	86	98	65	
35	38	45	49	85	55	94	67	83	29	34	54	53	39	64	91	12	97	95	57	45	76	59	82	76	59	55	14	39	52	78	89	15	91	22	82	43	63	6	92	7	98	77	71	6	18	95	82	27	29	
57	49	77	84	93	23	47	90	48	76	85	32	57	69	31	28	19	95	58	57	54	53	64	83	22	42	7	24	62	94	89	27	76	77	29	42	74	40	11	43	97	24	72	17	76	47	68	9	47	7	
86	15	15	65	32	82	11	21	76	60	12	69	6	26	69	40	37	57	57	93	13	68	30	39	16	86	1	71	91	18	21	17	32	34	36	92	43	85	82	54	43	72	91	44	64	32	70	91	90	10	
46	91	4	26	80	8	50	49	73	78	2	39	7	69	12	62	62	45	54	13	70	51	87	40	80	1	84	17	93	41	53	33	91	26	78	13	97	85	89	82	30	84	29	9	84	6	91	87	85	50	
3	24	60	40	22	95	4	92	34	8	61	34	53	2	4	59	93	76	53	68	51	63	15	92	67	91	70	34	57	38	54	77	76	97	86	12	47	69	35	46	60	61	85	72	77	59	90	88	57	41	
5	91	17	57	38	13	100	62	41	93	1	46	87	97	35	11	42	59	64	30	87	15	75	59	85	22	90	83	3	23	90	81	28	20	61	12	24	99	88	35	21	26	77	38	47	62	10	26	25	39	
75	17	58	10	41	20	82	95	64	47	83	78	30	74	34	63	78	82	83	39	40	92	59	10	24	14	32	52	65	57	17	60	3	93	26	30	22	42	27	40	4	62	63	72	13	80	77	21	18	29	
84	84	49	41	43	24	70	87	18	39	14	19	63	63	70	53	54	76	22	16	80	67	85	24	93	9	69	12	47	99	30	99	11	30	41	34	52	51	21	49	20	31	59	3	27	50	99	29	51	51	
94	68	6	99	41	18	38	90	13	25	32	97	100	17	9	66	42	59	42	86	1	91	22	14	9	48	22	48	84	70	28	66	92	89	83	24	81	80	15	63	63	43	64	53	35	7	88	98	71	27	
22	74	46	2	18	72	58	9	66	97	91	92	84	98	76	54	23	55	7	1	84	70	90	32	69	22	41	98	56	52	97	55	100	73	97	87	68	78	68	19	15	53	65	20	6	75	68	89	82	10	
12	80	88	4	19	92	26	32	54	28	16	3	49	96	93	4	64	14	24	71	17	34	83	52	12	48	98	23	58	61	33	80	9	9	42	71	5	63	82	82	55	71	22	61	88	54	17	66	25	31	
97	6	92	33	1	4	62	33	43	76	21	8	10	43	33	31	5	39	62	91	93	57	3	65	47	84	56	58	80	74	91	77	61	29	56	30	50	5	20	55	21	95	63	6	93	6	67	40	28	75	
54	29	30	84	87	83	52	37	25	32	96	57	75	68	94	51	78	52	94	18	41	38	23	57	99	70	52	61	74	34	59	91	10	82	27	65	73	47	54	9	69	22	65	32	81	82	6	11	62	14	
9	24	73	33	64	42	64	83	98	39	84	99	43	5	36	89	78	78	89	21	53	54	90	17	30	28	97	33	91	59	81	47	37	25	9	11	11	9	41	7	57	16	82	59	44	77	59	5	25	77	
98	19	90	50	85	14	58	53	28	51	83	94	17	61	18	43	69	89	27	17	33	77	81	60	99	66	55	80	77	91	47	8	90	81	99	10	79	40	86	22	45	81	1	66	99	60	14	60	5	54	
65	54	99	68	95	52	41	63	57	78	51	54	7	64	19	10	19	15	76	32	91	76	28	3	11	92	100	9	61	10	37	90	50	95	87	32	54	42	66	99	26	28	3	20	51	43	42	14	56	88	
53	75	15	91	48	19	95	2	50	35	72	17	48	12	32	90	44	91	77	34	26	97	20	93	30	89	73	9	29	82	25	81	95	19	85	15	82	48	28	2	55	74	27	70	60	3	50	97	53	69	
35	42	72	75	44	50	85	76	95	52	47	40	44	15	55	24	30	22	29	36	78	86	61	26	41	83	97	42	56	27	9	99	87	85	93	69	30	94	22	71	55	78	21	59	1	19	66	41	4	48	
17	51	18	56	23	15	20	48	11	12	57	8	80	71	57	4	48	82	42	92	13	12	12	30	34	24	87	71	30	65	11	10	32	15	69	60	11	78	2	48	6	47	46	24	36	64	30	30	4	35	
54	91	63	80	54	88	48	91	98	27	4	12	16	64	20	75	45	43	74	43	97	47	24	22	52	81	68	5	50	73	11	79	54	82	30	11	80	76	84	90	38	94	19	20	63	61	22	58	92	25	
98	8	63	43	43	100	60	43	17	80	100	38	32	71	50	85	6	63	40	85	85	69	99	42	51	80	78	63	5	47	9	40	42	48	94	78	76	87	95	49	24	56	92	76	64	71	64	93	86	1	
100	45	75	81	53	24	81	75	86	54	62	58	31	27	24	58	23	6	11	82	89	35	88	27	21	15	68	82	20	54	41	86	66	28	22	2	84	95	9	7	86	49	80	76	36	10	25	57	59	28	
92	45	10	62	23	52	72	8	27	54	45	48	34	11	57	73	69	92	43	54	82	46	35	40	49	63	19	82	55	9	7	22	99	2	71	48	90	49	7	61	20	5	12	58	25	36	64	59	48	8	
34	57	91	75	65	71	27	9	66	82	91	31	49	84	61	77	9	7	97	43	30	60	21	4	20	63	15	55	21	69	57	45	26	55	55	6	38	24	86	20	86	40	68	45	15	88	47	27	47	10	
84	1	94	46	48	60	91	59	26	38	29	25	51	66	89	66	98	98	24	72	84	61	26	62	31	43	53	71	95	22	16	81	28	74	78	47	94	56	49	5	40	67	10	23	34	44	20	98	96	12	
99	10	11	34	24	72	95	84	86	2	58	35	54	17	35	100	21	77	72	91	29	85	77	63	59	64	65	22	63	65	82	1	3	27	21	46	19	92	80	12	68	10	45	93	93	86	98	97	61	18	
32	17	7	62	87	71	86	68	69	12	30	64	23	92	46	75	39	71	17	44	9	72	38	72	3	53	20	61	6	32	59	66	20	70	59	24	20	76	76	58	45	23	93	17	48	65	95	32	11	66	
90	36	54	87	21	68	66	11	67	15	97	1	85	13	51	9	5	6	76	64	84	77	47	13	27	35	6	88	93	81	44	99	51	60	1	36	63	64	36	25	15	34	93	48	84	77	43	49	39	63	
18	58	1	80	64	21	6	25	30	61	30	60	14	94	87	42	14	18	47	32	6	59	62	80	50	7	75	54	6	82	77	60	43	3	19	64	61	71	10	36	88	44	86	65	77	38	28	48	71	2	
44	55	2	30	15	41	29	33	74	72	97	31	88	94	50	21	62	95	68	70	91	90	10	77	99	88	68	17	67	6	59	14	42	50	66	30	22	64	25	64	47	20	98	95	43	28	45	22	33	61	
64	7	1	33	55	30	3	98	65	91	15	52	33	84	97	40	86	82	9	91	87	88	26	21	29	98	89	66	40	11	5	60	14	97	41	30	58	93	57	59	27	98	97	32	49	48	22	56	15	97	
20	6	32	21	45	27	55	42	64	19	3	81	7	86	35	28	98	27	47	90	85	57	25	18	51	71	82	25	28	62	25	5	56	53	4	4	92	86	59	48	47	96	61	11	39	71	33	15	43	73	
45	9	73	51	3	76	59	83	31	7	84	4	40	14	10	44	65	29	7	10	50	41	39	29	51	27	10	31	75	14	77	54	88	69	48	35	25	1	28	8	10	12	18	66	63	2	61	97	73	19	
