50
1340
33	32	97	37	53	13	85	100	67	32	71	15	28	36	27	89	54	65	50	88	22	62	29	77	50	78	62	85	8	93	87	91	9	74	15	70	28	31	3	53	36	66	44	19	77	44	73	87	21	51	
75	78	17	84	60	14	23	94	97	51	59	67	5	6	13	83	68	82	81	49	30	93	28	57	99	27	59	4	45	46	91	57	82	90	69	23	93	21	49	20	56	84	27	86	20	30	97	29	5	25	
78	19	82	64	60	61	97	85	40	57	26	44	65	23	97	37	72	66	64	84	36	24	25	87	15	56	24	90	53	10	49	18	4	79	34	44	17	28	23	44	23	61	6	18	88	5	25	74	72	7	
17	82	75	84	51	49	47	45	99	64	56	23	40	45	2	11	71	15	46	80	5	59	73	89	61	20	85	54	29	95	83	12	82	2	67	55	27	77	87	47	88	46	51	49	22	73	67	35	13	69	
84	64	84	45	1	27	9	1	21	71	95	44	71	43	79	23	21	4	84	30	26	100	49	33	17	14	60	61	30	35	65	68	78	32	73	33	40	90	19	54	85	70	78	57	58	73	36	37	56	69	
60	60	51	1	23	52	34	22	83	8	21	95	77	2	63	19	55	18	98	37	83	57	45	3	6	46	24	96	58	98	13	39	95	7	61	87	25	83	44	56	4	43	61	77	20	23	66	70	32	14	
14	61	49	27	52	38	20	66	2	57	30	40	51	39	88	80	24	79	92	93	31	53	93	48	75	40	52	5	26	89	69	40	81	59	67	2	91	4	84	58	76	27	18	8	8	81	26	81	65	49	
23	97	47	9	34	20	25	33	19	13	51	43	33	46	29	97	20	60	68	58	73	68	42	38	7	18	22	17	96	44	1	3	2	65	29	10	90	13	72	28	77	2	23	94	74	58	48	99	64	52	
94	85	45	1	22	66	33	5	99	83	87	7	49	59	13	31	29	86	28	60	71	44	69	55	93	87	33	19	2	97	3	73	74	32	46	2	5	15	37	83	2	8	74	88	64	36	81	67	20	68	
97	40	99	21	83	2	19	99	48	34	57	38	97	77	14	42	53	98	6	96	81	94	79	19	67	38	24	94	83	32	66	31	28	93	13	54	43	53	90	74	93	83	84	14	79	17	37	29	40	66	
51	57	64	71	8	57	13	83	34	86	12	22	29	85	89	65	6	53	70	21	74	66	15	74	45	70	11	45	10	39	48	97	55	55	32	17	45	23	50	86	25	38	1	12	9	60	60	20	39	53	
59	26	56	95	21	30	51	87	57	12	92	35	30	9	80	65	86	89	59	77	12	59	18	89	1	53	96	91	67	16	65	81	67	37	85	22	95	3	2	12	63	78	72	82	9	70	77	57	98	86	
67	44	23	44	95	40	43	7	38	22	35	67	92	98	80	66	99	94	92	2	49	11	3	26	92	9	27	90	57	70	1	43	32	10	73	68	32	13	14	31	79	43	46	65	61	54	44	42	99	77	
5	65	40	71	77	51	33	49	97	29	30	92	46	14	32	8	65	21	73	55	56	36	45	78	100	44	37	94	6	47	82	74	74	72	79	71	54	49	56	52	59	100	38	55	78	40	88	30	27	64	
6	23	45	43	2	39	46	59	77	85	9	98	14	57	10	38	44	49	25	29	49	41	14	53	46	69	72	12	92	95	81	10	81	96	15	53	45	73	85	73	47	75	78	40	63	44	7	27	56	46	
13	97	2	79	63	88	29	13	14	89	80	80	32	10	34	23	28	6	86	34	88	56	81	68	78	53	37	10	81	63	86	76	83	22	84	32	84	20	38	80	22	80	30	44	47	71	76	39	95	15	
83	37	11	23	19	80	97	31	42	65	65	66	8	38	23	57	59	66	30	93	88	1	70	30	8	17	98	34	80	65	57	48	58	55	73	83	15	33	20	18	37	94	94	54	71	97	70	15	48	34	
68	72	71	21	55	24	20	29	53	6	86	99	65	44	28	59	63	76	29	22	60	98	65	56	68	13	40	36	57	22	11	56	48	37	31	76	53	66	45	5	32	1	38	67	48	36	70	84	40	62	
82	66	15	4	18	79	60	86	98	53	89	94	21	49	6	66	76	42	93	37	80	33	37	85	42	83	36	58	65	64	81	3	43	44	93	34	92	5	10	72	2	84	75	90	28	92	26	81	15	41	
81	64	46	84	98	92	68	28	6	70	59	92	73	25	86	30	29	93	81	13	36	25	6	13	69	13	5	84	51	32	34	50	33	100	98	52	16	38	97	74	58	24	9	30	5	10	90	69	85	32	
49	84	80	30	37	93	58	60	96	21	77	2	55	29	34	93	22	37	13	19	6	88	20	57	1	73	77	71	89	57	83	80	62	38	58	34	51	45	29	43	72	44	21	31	73	8	75	24	69	57	
30	36	5	26	83	31	73	71	81	74	12	49	56	49	88	88	60	80	36	6	18	93	33	7	97	78	56	70	50	2	3	11	58	18	88	93	45	29	3	71	37	58	55	81	53	34	86	100	55	59	
93	24	59	100	57	53	68	44	94	66	59	11	36	41	56	1	98	33	25	88	93	95	8	88	96	82	34	25	3	61	89	17	47	9	100	3	63	27	81	99	62	29	84	22	24	16	90	30	61	26	
28	25	73	49	45	93	42	69	79	15	18	3	45	14	81	70	65	37	6	20	33	8	73	33	7	97	94	59	76	40	81	13	46	41	53	85	91	42	57	18	28	17	93	19	67	16	30	27	53	57	
57	87	89	33	3	48	38	55	19	74	89	26	78	53	68	30	56	85	13	57	7	88	33	97	33	43	87	6	76	2	54	89	10	15	27	72	89	53	67	32	55	90	79	96	21	98	78	27	93	74	
99	15	61	17	6	75	7	93	67	45	1	92	100	46	78	8	68	42	69	1	97	96	7	33	54	42	54	79	32	73	68	74	10	35	86	49	68	11	80	49	45	53	70	34	91	64	71	29	41	59	
27	56	20	14	46	40	18	87	38	70	53	9	44	69	53	17	13	83	13	73	78	82	97	43	42	13	3	14	76	18	14	98	43	92	84	33	93	27	88	78	71	83	31	20	47	76	79	54	13	84	
59	24	85	60	24	52	22	33	24	11	96	27	37	72	37	98	40	36	5	77	56	34	94	87	54	3	22	69	52	36	97	17	47	74	41	17	42	69	83	87	95	4	83	21	63	48	60	72	60	28	
4	90	54	61	96	5	17	19	94	45	91	90	94	12	10	34	36	58	84	71	70	25	59	6	79	14	69	27	50	86	28	54	55	45	82	61	65	94	26	31	38	58	89	77	6	8	54	62	85	18	
45	53	29	30	58	26	96	2	83	10	67	57	6	92	81	80	57	65	51	89	50	3	76	76	32	76	52	50	4	1	51	7	57	98	68	94	31	78	93	10	83	95	62	26	62	30	38	100	31	53	
46	10	95	35	98	89	44	97	32	39	16	70	47	95	63	65	22	64	32	57	2	61	40	2	73	18	36	86	1	41	81	31	63	15	17	55	53	42	40	87	72	89	19	38	15	79	26	94	2	87	
91	49	83	65	13	69	1	3	66	48	65	1	82	81	86	57	11	81	34	83	3	89	81	54	68	14	97	28	51	81	33	18	39	76	73	51	77	38	54	77	67	78	83	85	13	57	65	2	78	97	
57	18	12	68	39	40	3	73	31	97	81	43	74	10	76	48	56	3	50	80	11	17	13	89	74	98	17	54	7	31	18	5	35	42	1	59	5	38	44	64	39	94	31	56	41	46	52	80	28	58	
82	4	82	78	95	81	2	74	28	55	67	32	74	81	83	58	48	43	33	62	58	47	46	10	10	43	47	55	57	63	39	35	65	13	75	90	69	73	65	82	73	91	46	90	92	3	67	60	93	88	
90	79	2	32	7	59	65	32	93	55	37	10	72	96	22	55	37	44	100	38	18	9	41	15	35	92	74	45	98	15	76	42	13	85	16	74	36	11	1	93	77	87	28	72	69	47	64	81	68	77	
69	34	67	73	61	67	29	46	13	32	85	73	79	15	84	73	31	93	98	58	88	100	53	27	86	84	41	82	68	17	73	1	75	16	63	85	61	23	52	100	84	42	97	19	60	97	24	84	23	84	
23	44	55	33	87	2	10	2	54	17	22	68	71	53	32	83	76	34	52	34	93	3	85	72	49	33	17	61	94	55	51	59	90	74	85	11	73	89	30	79	89	37	39	50	32	91	84	100	2	95	
93	17	27	40	25	91	90	5	43	45	95	32	54	45	84	15	53	92	16	51	45	63	91	89	68	93	42	65	31	53	77	5	69	36	61	73	59	85	97	96	61	16	23	13	77	72	100	90	89	61	
21	28	77	90	83	4	13	15	53	23	3	13	49	73	20	33	66	5	38	45	29	27	42	53	11	27	69	94	78	42	38	38	73	11	23	89	85	98	30	31	1	23	36	55	89	4	59	28	31	62	
49	23	87	19	44	84	72	37	90	50	2	14	56	85	38	20	45	10	97	29	3	81	57	67	80	88	83	26	93	40	54	44	65	1	52	30	97	30	38	31	82	89	17	98	34	3	20	97	85	29	
20	44	47	54	56	58	28	83	74	86	12	31	52	73	80	18	5	72	74	43	71	99	18	32	49	78	87	31	10	87	77	64	82	93	100	79	96	31	31	76	1	16	48	46	51	22	48	55	83	97	
56	23	88	85	4	76	77	2	93	25	63	79	59	47	22	37	32	2	58	72	37	62	28	55	45	71	95	38	83	72	67	39	73	77	84	89	61	1	82	1	22	37	38	19	66	67	87	59	8	58	
84	61	46	70	43	27	2	8	83	38	78	43	100	75	80	94	1	84	24	44	58	29	17	90	53	83	4	58	95	89	78	94	91	87	42	37	16	23	89	16	37	9	90	93	80	12	34	56	17	49	
27	6	51	78	61	18	23	74	84	1	72	46	38	78	30	94	38	75	9	21	55	84	93	79	70	31	83	89	62	19	83	31	46	28	97	39	23	36	17	48	38	90	27	56	39	93	30	34	33	78	
86	18	49	57	77	8	94	88	14	12	82	65	55	40	44	54	67	90	30	31	81	22	19	96	34	20	21	77	26	38	85	56	90	72	19	50	13	55	98	46	19	93	56	54	24	16	53	2	24	84	
20	88	22	58	20	8	74	64	79	9	9	61	78	63	47	71	48	28	5	73	53	24	67	21	91	47	63	6	62	15	13	41	92	69	60	32	77	89	34	51	66	80	39	24	17	20	33	50	62	57	
30	5	73	73	23	81	58	36	17	60	70	54	40	44	71	97	36	92	10	8	34	16	16	98	64	76	48	8	30	79	57	46	3	47	97	91	72	4	3	22	67	12	93	16	20	38	30	55	72	98	
97	25	67	36	66	26	48	81	37	60	77	44	88	7	76	70	70	26	90	75	86	90	30	78	71	79	60	54	38	26	65	52	67	64	24	84	100	59	20	48	87	34	30	53	33	30	4	36	57	66	
29	74	35	37	70	81	99	67	29	20	57	42	30	27	39	15	84	81	69	24	100	30	27	27	29	54	72	62	100	94	2	80	60	81	84	100	90	28	97	55	59	56	34	2	50	55	36	92	40	26	
5	72	13	56	32	65	64	20	40	39	98	99	27	56	95	48	40	15	85	69	55	61	53	93	41	13	60	85	31	2	78	28	93	68	23	2	89	31	85	83	8	17	33	24	62	72	57	40	46	100	
25	7	69	69	14	49	52	68	66	53	86	77	64	46	15	34	62	41	32	57	59	26	57	74	59	84	28	18	53	87	97	58	88	77	84	95	61	62	29	97	58	49	78	84	57	98	66	26	100	52	
