50
1041
97	35	32	38	57	65	82	75	30	23	8	65	26	2	14	91	2	84	86	19	99	44	63	75	2	30	35	25	25	16	55	50	10	55	95	26	58	88	55	43	10	71	53	56	57	36	26	98	88	69	
81	93	41	47	1	67	97	21	6	84	85	46	93	82	69	56	35	14	42	20	6	80	21	14	36	26	27	54	33	34	50	94	87	40	94	88	72	59	92	10	76	80	55	60	78	22	7	1	86	85	
93	63	79	33	89	49	44	97	52	77	58	90	82	51	89	59	22	80	38	62	32	52	59	60	21	91	88	35	100	24	24	24	47	80	19	96	90	14	6	20	60	26	70	33	51	45	27	29	95	23	
41	79	76	68	76	4	33	27	22	43	72	22	59	95	70	82	11	90	34	93	46	4	64	15	17	83	50	16	24	81	2	100	43	72	17	90	42	93	36	89	51	22	87	15	84	70	11	28	29	79	
47	33	68	18	19	46	80	84	39	1	63	33	58	21	97	67	30	53	48	14	6	13	24	71	29	50	2	89	14	24	58	39	20	72	85	81	82	49	60	76	78	58	1	25	62	84	38	57	3	27	
1	89	76	19	49	52	54	73	24	19	67	32	40	95	27	10	35	61	62	97	98	100	68	40	3	70	25	50	89	42	22	80	72	71	57	3	79	25	64	56	71	63	45	43	80	11	94	52	12	30	
67	49	4	46	52	69	44	40	81	1	44	27	41	19	22	57	9	24	67	78	100	63	94	13	37	96	95	52	87	35	77	86	68	51	98	86	67	17	50	29	42	84	21	26	35	74	43	30	33	23	
97	44	33	80	54	44	38	92	17	25	43	43	52	14	65	90	59	91	55	73	67	36	85	80	13	5	15	48	80	75	41	73	29	10	12	89	11	77	12	95	36	9	44	75	47	50	16	65	63	71	
21	97	27	84	73	40	92	95	66	86	26	74	47	27	76	7	38	66	17	16	51	55	80	90	86	35	85	15	12	40	6	31	25	79	47	73	13	12	55	81	21	34	42	100	10	79	49	22	21	75	
6	52	22	39	24	81	17	66	30	29	39	73	87	40	56	74	92	77	2	26	76	72	11	14	14	51	39	91	26	27	70	98	60	22	27	43	7	34	17	75	69	38	2	15	64	87	77	31	74	96	
84	77	43	1	19	1	25	86	29	90	68	10	82	30	28	23	3	92	80	92	60	83	92	94	74	56	32	46	25	48	87	11	90	58	93	37	2	42	84	61	42	64	46	98	87	64	43	24	49	29	
85	58	72	63	67	44	43	26	39	68	49	91	40	36	31	72	10	4	68	38	1	51	56	55	40	71	5	31	72	82	62	81	71	65	89	32	79	13	70	33	1	88	22	10	67	9	72	74	90	16	
46	90	22	33	32	27	43	74	73	10	91	93	64	82	88	45	30	10	52	81	85	7	66	24	24	57	100	73	86	50	82	64	32	99	38	55	90	25	37	70	25	91	41	66	61	64	9	87	79	78	
93	82	59	58	40	41	52	47	87	82	40	64	44	13	79	78	25	7	24	41	76	31	36	66	43	94	44	14	50	60	28	57	26	77	66	79	80	76	74	11	11	34	71	1	54	76	12	35	57	73	
82	51	95	21	95	19	14	27	40	30	36	82	13	83	64	15	30	99	28	95	39	88	97	76	87	88	68	17	60	81	88	35	64	14	8	34	8	23	21	82	45	5	99	65	100	73	3	78	26	87	
69	89	70	97	27	22	65	76	56	28	31	88	79	64	19	74	4	54	28	20	67	99	57	21	42	40	29	9	50	5	84	83	54	14	9	90	46	81	23	74	53	55	11	79	82	77	28	37	48	11	
56	59	82	67	10	57	90	7	74	23	72	45	78	15	74	20	52	20	33	18	15	8	73	65	80	42	82	30	9	92	47	30	79	30	89	19	23	93	59	28	62	82	99	77	71	4	30	67	2	100	
35	22	11	30	35	9	59	38	92	3	10	30	25	30	4	52	32	74	91	62	46	26	44	68	49	33	83	60	68	42	45	76	86	92	25	93	8	49	25	63	43	61	21	51	57	4	14	20	31	62	
14	80	90	53	61	24	91	66	77	92	4	10	7	99	54	20	74	99	48	27	37	45	47	7	95	61	10	56	33	11	56	21	55	54	85	98	80	33	23	100	5	96	57	72	43	78	95	24	11	76	
42	38	34	48	62	67	55	17	2	80	68	52	24	28	28	33	91	48	76	14	25	29	36	63	27	39	1	14	46	49	67	80	23	52	76	18	91	49	98	95	22	7	47	94	97	100	25	1	83	23	
20	62	93	14	97	78	73	16	26	92	38	81	41	95	20	18	62	27	14	51	19	93	41	33	56	67	52	10	100	74	35	56	44	6	78	91	65	55	73	61	75	98	90	7	5	29	51	28	21	22	
6	32	46	6	98	100	67	51	76	60	1	85	76	39	67	15	46	37	25	19	39	33	80	43	68	18	12	26	23	56	61	93	20	51	77	23	76	56	71	12	56	27	81	64	59	29	15	99	66	53	
80	52	4	13	100	63	36	55	72	83	51	7	31	88	99	8	26	45	29	93	33	25	59	5	84	42	57	68	12	76	67	100	1	69	100	40	64	46	47	11	8	9	92	90	51	20	16	17	16	1	
21	59	64	24	68	94	85	80	11	92	56	66	36	97	57	73	44	47	36	41	80	59	88	69	32	81	53	61	64	77	69	8	64	8	62	17	57	37	76	63	89	55	99	75	23	65	34	72	58	75	
14	60	15	71	40	13	80	90	14	94	55	24	66	76	21	65	68	7	63	33	43	5	69	57	49	98	14	59	36	60	24	95	39	3	98	25	87	56	40	62	32	46	65	12	81	3	25	77	69	53	
36	21	17	29	3	37	13	86	14	74	40	24	43	87	42	80	49	95	27	56	68	84	32	49	83	49	50	27	29	39	29	70	42	65	39	84	31	19	40	83	11	98	74	91	77	22	74	60	39	93	
26	91	83	50	70	96	5	35	51	56	71	57	94	88	40	42	33	61	39	67	18	42	81	98	49	82	45	58	98	13	61	45	68	87	57	93	13	89	73	86	77	8	96	67	3	64	73	53	100	83	
27	88	50	2	25	95	15	85	39	32	5	100	44	68	29	82	83	10	1	52	12	57	53	14	50	45	21	22	43	100	14	63	58	47	49	20	85	19	86	27	61	52	60	55	55	74	47	87	50	52	
54	35	16	89	50	52	48	15	91	46	31	73	14	17	9	30	60	56	14	10	26	68	61	59	27	58	22	7	6	46	29	17	5	86	44	60	86	22	33	58	71	45	68	72	2	79	9	15	19	43	
33	100	24	14	89	87	80	12	26	25	72	86	50	60	50	9	68	33	46	100	23	12	64	36	29	98	43	6	83	57	41	43	19	71	53	71	100	98	15	11	14	37	41	96	25	54	75	93	50	38	
34	24	81	24	42	35	75	40	27	48	82	50	60	81	5	92	42	11	49	74	56	76	77	60	39	13	100	46	57	98	51	80	78	33	10	32	61	91	24	77	40	13	27	76	11	15	75	16	32	32	
50	24	2	58	22	77	41	6	70	87	62	82	28	88	84	47	45	56	67	35	61	67	69	24	29	61	14	29	41	51	45	68	49	91	62	5	75	21	8	34	30	44	23	12	35	26	91	17	78	25	
94	24	100	39	80	86	73	31	98	11	81	64	57	35	83	30	76	21	80	56	93	100	8	95	70	45	63	17	43	80	68	94	82	44	14	6	16	11	83	78	63	9	11	85	19	81	50	23	24	7	
87	47	43	20	72	68	29	25	60	90	71	32	26	64	54	79	86	55	23	44	20	1	64	39	42	68	58	5	19	78	49	82	93	68	25	15	1	66	91	70	30	72	41	86	24	8	39	13	24	47	
40	80	72	72	71	51	10	79	22	58	65	99	77	14	14	30	92	54	52	6	51	69	8	3	65	87	47	86	71	33	91	44	68	83	47	15	30	68	62	4	94	71	95	82	22	17	90	21	1	2	
94	19	17	85	57	98	12	47	27	93	89	38	66	8	9	89	25	85	76	78	77	100	62	98	39	57	49	44	53	10	62	14	25	47	37	93	64	11	34	62	80	79	18	63	24	48	63	2	71	64	
88	96	90	81	3	86	89	73	43	37	32	55	79	34	90	19	93	98	18	91	23	40	17	25	84	93	20	60	71	32	5	6	15	15	93	19	35	53	28	64	46	42	40	54	71	69	78	43	45	21	
72	90	42	82	79	67	11	13	7	2	79	90	80	8	46	23	8	80	91	65	76	64	57	87	31	13	85	86	100	61	75	16	1	30	64	35	75	41	25	27	54	94	9	98	76	27	44	63	99	18	
59	14	93	49	25	17	77	12	34	42	13	25	76	23	81	93	49	33	49	55	56	46	37	56	19	89	19	22	98	91	21	11	66	68	11	53	41	97	83	98	82	52	88	92	16	17	42	50	39	17	
92	6	36	60	64	50	12	55	17	84	70	37	74	21	23	59	25	23	98	73	71	47	76	40	40	73	86	33	15	24	8	83	91	62	34	28	25	83	26	20	69	64	84	13	71	19	20	49	47	13	
10	20	89	76	56	29	95	81	75	61	33	70	11	82	74	28	63	100	95	61	12	11	63	62	83	86	27	58	11	77	34	78	70	4	62	64	27	98	20	39	27	68	64	61	98	15	72	21	18	35	
76	60	51	78	71	42	36	21	69	42	1	25	11	45	53	62	43	5	22	75	56	8	89	32	11	77	61	71	14	40	30	63	30	94	80	46	54	82	69	27	5	98	87	42	76	78	51	61	52	97	
80	26	22	58	63	84	9	34	38	64	88	91	34	5	55	82	61	96	7	98	27	9	55	46	98	8	52	45	37	13	44	9	72	71	79	42	94	52	64	68	98	47	51	56	12	90	68	4	100	40	
55	70	87	1	45	21	44	42	2	46	22	41	71	99	11	99	21	57	47	90	81	92	99	65	74	96	60	68	41	27	23	11	41	95	18	40	9	88	84	64	87	51	13	76	2	61	61	99	88	60	
60	33	15	25	43	26	75	100	15	98	10	66	1	65	79	77	51	72	94	7	64	90	75	12	91	67	55	72	96	76	12	85	86	82	63	54	98	92	13	61	42	56	76	78	8	69	47	77	76	93	
78	51	84	62	80	35	47	10	64	87	67	61	54	100	82	71	57	43	97	5	59	51	23	81	77	3	55	2	25	11	35	19	24	22	24	71	76	16	71	98	76	12	2	8	23	89	35	18	36	75	
22	45	70	84	11	74	50	79	87	64	9	64	76	73	77	4	4	78	100	29	29	20	65	3	22	64	74	79	54	15	26	81	8	17	48	69	27	17	19	15	78	90	61	69	89	98	89	48	23	97	
7	27	11	38	94	43	16	49	77	43	72	9	12	3	28	30	14	95	25	51	15	16	34	25	74	73	47	9	75	75	91	50	39	90	63	78	44	42	20	72	51	68	61	47	35	89	21	7	7	96	
1	29	28	57	52	30	65	22	31	24	74	87	35	78	37	67	20	24	1	28	99	17	72	77	60	53	87	15	93	16	17	23	13	21	2	43	63	50	49	21	61	4	99	77	18	48	7	36	74	3	
86	95	29	3	12	33	63	21	74	49	90	79	57	26	48	2	31	11	83	21	66	16	58	69	39	100	50	19	50	32	78	24	24	1	71	45	99	39	47	18	52	100	88	76	36	23	7	74	1	77	
85	23	79	27	30	23	71	75	96	29	16	78	73	87	11	100	62	76	23	22	53	1	75	53	93	83	52	43	38	32	25	7	47	2	64	21	18	17	13	35	97	40	60	93	75	97	96	3	77	9	
