50
1528
3	65	52	93	86	55	88	72	57	17	18	83	74	6	94	66	69	61	44	10	91	40	90	57	43	4	26	26	93	39	3	15	91	50	70	64	64	96	39	32	7	28	62	64	70	70	59	8	60	22	
18	79	37	26	39	20	47	48	37	16	77	61	44	33	94	84	69	33	11	87	62	81	21	78	93	97	16	85	5	20	47	56	38	82	19	87	51	58	12	34	38	58	82	53	95	10	46	8	26	41	
79	34	61	51	93	48	6	88	27	58	8	21	36	39	68	58	65	75	41	94	30	99	55	88	100	85	43	20	92	59	18	67	35	8	11	41	64	25	76	66	66	100	67	41	47	10	40	97	42	86	
37	61	10	20	81	50	53	36	90	10	73	77	51	90	30	92	61	14	53	42	100	3	56	48	94	27	10	71	11	40	65	87	35	17	92	83	94	68	58	64	72	18	72	5	58	61	54	52	78	78	
26	51	20	73	3	93	84	74	22	50	75	93	59	17	17	59	30	67	42	95	53	8	12	49	62	45	4	2	42	100	94	24	79	45	62	45	4	36	44	46	31	22	4	60	86	10	66	98	43	83	
39	93	81	3	77	14	56	7	18	67	44	34	37	67	19	9	26	63	93	48	89	97	52	87	16	63	96	36	32	12	93	35	9	72	65	32	19	16	2	48	48	12	100	24	94	48	18	68	28	82	
20	48	50	93	14	66	65	60	16	59	33	4	33	84	15	77	32	56	14	94	79	12	57	98	91	77	36	78	7	60	98	35	20	87	64	61	35	57	51	54	79	71	60	77	57	93	88	73	17	99	
47	6	53	84	56	65	85	89	21	91	77	52	96	27	46	99	26	21	86	75	45	57	67	30	61	58	60	79	72	25	53	80	98	17	38	46	86	39	25	34	79	71	60	4	39	100	94	47	85	3	
48	88	36	74	7	60	89	10	13	87	64	12	25	58	42	100	78	24	81	98	19	64	69	36	80	72	30	29	26	69	94	78	61	99	88	52	95	70	81	5	97	55	49	25	18	93	41	79	49	72	
37	27	90	22	18	16	21	13	62	1	30	42	84	42	53	98	85	82	2	22	27	84	20	47	13	49	99	55	20	53	33	100	83	2	39	54	89	18	70	56	54	36	47	18	5	23	47	16	1	75	
16	58	10	50	67	59	91	87	1	8	48	56	71	2	7	49	32	79	54	88	4	91	71	28	33	41	5	61	5	95	87	21	97	31	39	73	13	74	20	73	18	44	39	67	51	42	73	50	100	58	
77	8	73	75	44	33	77	64	30	48	13	87	96	47	35	37	89	39	61	75	30	37	45	35	100	15	88	69	94	87	72	96	78	70	46	52	35	50	65	29	85	10	22	41	60	5	93	56	39	34	
61	21	77	93	34	4	52	12	42	56	87	23	4	94	70	15	37	36	38	40	56	11	50	100	48	85	81	59	26	62	68	48	36	62	68	17	40	66	88	76	90	98	74	62	2	22	51	69	11	74	
44	36	51	59	37	33	96	25	84	71	96	4	48	91	28	11	45	65	58	83	46	7	98	86	19	98	48	86	14	28	97	83	41	50	6	3	84	38	79	91	8	50	33	80	59	88	95	29	6	3	
33	39	90	17	67	84	27	58	42	2	47	94	91	90	18	64	28	9	77	68	77	36	8	98	61	15	11	38	50	6	66	4	24	44	52	8	24	3	48	69	1	15	43	47	8	48	43	15	98	36	
94	68	30	17	19	15	46	42	53	7	35	70	28	18	50	58	95	86	33	38	12	33	42	17	81	85	86	94	52	49	29	57	71	64	4	74	4	69	23	29	65	46	30	95	27	69	76	26	16	71	
84	58	92	59	9	77	99	100	98	49	37	15	11	64	58	96	64	38	11	5	8	79	16	87	73	97	29	75	77	7	88	71	50	23	49	30	23	100	25	62	10	22	49	14	39	61	43	25	14	77	
69	65	61	30	26	32	26	78	85	32	89	37	45	28	95	64	83	36	5	49	79	7	93	66	69	75	52	9	67	98	84	71	5	60	88	18	29	11	16	50	40	8	37	8	56	26	31	53	8	79	
33	75	14	67	63	56	21	24	82	79	39	36	65	9	86	38	36	42	64	89	25	12	4	47	65	72	51	75	30	17	96	71	7	60	55	62	32	72	92	38	87	65	27	65	65	90	53	73	31	6	
11	41	53	42	93	14	86	81	2	54	61	38	58	77	33	11	5	64	49	2	30	28	74	12	41	70	31	84	30	84	73	27	3	77	15	21	9	14	75	64	54	58	58	57	98	18	37	90	41	95	
87	94	42	95	48	94	75	98	22	88	75	40	83	68	38	5	49	89	2	19	62	1	71	80	48	96	89	11	54	38	65	50	4	22	33	10	41	41	32	37	84	99	91	34	42	46	71	72	98	85	
62	30	100	53	89	79	45	19	27	4	30	56	46	77	12	8	79	25	30	62	68	14	33	88	83	62	36	94	3	97	57	24	35	69	8	35	41	9	4	13	23	66	73	2	90	38	80	52	77	69	
81	99	3	8	97	12	57	64	84	91	37	11	7	36	33	79	7	12	28	1	14	14	49	11	86	72	17	77	71	53	53	6	54	69	58	14	53	51	6	35	32	98	67	61	19	54	39	35	71	64	
21	55	56	12	52	57	67	69	20	71	45	50	98	8	42	16	93	4	74	71	33	49	74	74	86	88	42	4	77	23	22	58	88	47	98	52	38	32	80	69	18	48	67	16	44	7	56	60	41	34	
78	88	48	49	87	98	30	36	47	28	35	100	86	98	17	87	66	47	12	80	88	11	74	2	8	37	53	77	75	21	18	60	84	30	61	86	98	64	56	68	22	19	89	9	77	82	3	40	30	38	
93	100	94	62	16	91	61	80	13	33	100	48	19	61	81	73	69	65	41	48	83	86	86	8	81	99	94	12	25	51	93	17	10	89	100	32	12	62	22	28	59	58	35	66	77	58	98	63	81	72	
97	85	27	45	63	77	58	72	49	41	15	85	98	15	85	97	75	72	70	96	62	72	88	37	99	49	71	12	72	34	42	68	61	64	62	80	66	72	10	50	64	49	86	8	48	35	84	16	78	86	
16	43	10	4	96	36	60	30	99	5	88	81	48	11	86	29	52	51	31	89	36	17	42	53	94	71	60	61	85	61	64	63	66	58	74	78	53	24	94	24	28	93	98	35	6	2	4	43	17	99	
85	20	71	2	36	78	79	29	55	61	69	59	86	38	94	75	9	75	84	11	94	77	4	77	12	12	61	74	27	33	46	74	4	27	92	1	85	30	93	69	32	29	11	67	31	41	14	20	22	43	
5	92	11	42	32	7	72	26	20	5	94	26	14	50	52	77	67	30	30	54	3	71	77	75	25	72	85	27	5	8	100	85	43	49	96	84	2	69	49	47	1	28	15	71	47	57	58	66	79	70	
20	59	40	100	12	60	25	69	53	95	87	62	28	6	49	7	98	17	84	38	97	53	23	21	51	34	61	33	8	56	72	29	18	37	39	58	85	41	51	95	44	26	34	42	59	71	30	13	72	50	
47	18	65	94	93	98	53	94	33	87	72	68	97	66	29	88	84	96	73	65	57	53	22	18	93	42	64	46	100	72	87	86	29	59	56	70	30	23	97	20	68	69	21	56	3	27	11	26	36	72	
56	67	87	24	35	35	80	78	100	21	96	48	83	4	57	71	71	71	27	50	24	6	58	60	17	68	63	74	85	29	86	61	29	48	77	73	90	87	5	47	87	66	22	70	38	98	69	41	83	89	
38	35	35	79	9	20	98	61	83	97	78	36	41	24	71	50	5	7	3	4	35	54	88	84	10	61	66	4	43	18	29	29	15	72	12	27	98	92	32	84	9	83	39	63	61	65	27	41	14	35	
82	8	17	45	72	87	17	99	2	31	70	62	50	44	64	23	60	60	77	22	69	69	47	30	89	64	58	27	49	37	59	48	72	26	76	54	2	73	99	24	77	99	65	42	75	100	2	76	45	9	
19	11	92	62	65	64	38	88	39	39	46	68	6	52	4	49	88	55	15	33	8	58	98	61	100	62	74	92	96	39	56	77	12	76	18	68	73	54	86	40	93	6	86	38	21	60	22	63	19	61	
87	41	83	45	32	61	46	52	54	73	52	17	3	8	74	30	18	62	21	10	35	14	52	86	32	80	78	1	84	58	70	73	27	54	68	31	27	99	94	75	95	21	61	27	100	57	82	16	28	2	
51	64	94	4	19	35	86	95	89	13	35	40	84	24	4	23	29	32	9	41	41	53	38	98	12	66	53	85	2	85	30	90	98	2	73	27	31	31	68	80	82	64	13	42	97	96	44	90	70	81	
58	25	68	36	16	57	39	70	18	74	50	66	38	3	69	100	11	72	14	41	9	51	32	64	62	72	24	30	69	41	23	87	92	73	54	99	31	20	73	89	20	27	77	54	23	72	67	60	12	98	
12	76	58	44	2	51	25	81	70	20	65	88	79	48	23	25	16	92	75	32	4	6	80	56	22	10	94	93	49	51	97	5	32	99	86	94	68	73	38	28	11	1	21	26	93	4	33	55	40	56	
34	66	64	46	48	54	34	5	56	73	29	76	91	69	29	62	50	38	64	37	13	35	69	68	28	50	24	69	47	95	20	47	84	24	40	75	80	89	28	63	87	19	56	38	66	80	27	60	74	82	
38	66	72	31	48	79	79	97	54	18	85	90	8	1	65	10	40	87	54	84	23	32	18	22	59	64	28	32	1	44	68	87	9	77	93	95	82	20	11	87	69	42	33	48	64	77	40	31	62	13	
58	100	18	22	12	71	71	55	36	44	10	98	50	15	46	22	8	65	58	99	66	98	48	19	58	49	93	29	28	26	69	66	83	99	6	21	64	27	1	19	42	61	15	18	12	33	80	11	51	43	
82	67	72	4	100	60	60	49	47	39	22	74	33	43	30	49	37	27	58	91	73	67	67	89	35	86	98	11	15	34	21	22	39	65	86	61	13	77	21	56	33	15	99	15	18	18	81	70	25	92	
53	41	5	60	24	77	4	25	18	67	41	62	80	47	95	14	8	65	57	34	2	61	16	9	66	8	35	67	71	42	56	70	63	42	38	27	42	54	26	38	48	18	15	73	79	49	54	78	63	71	
95	47	58	86	94	57	39	18	5	51	60	2	59	8	27	39	56	65	98	42	90	19	44	77	77	48	6	31	47	59	3	38	61	75	21	100	97	23	93	66	64	12	18	79	53	1	46	38	30	3	
10	10	61	10	48	93	100	93	23	42	5	22	88	48	69	61	26	90	18	46	38	54	7	82	58	35	2	41	57	71	27	98	65	100	60	57	96	72	4	80	77	33	18	49	1	80	10	53	28	75	
46	40	54	66	18	88	94	41	47	73	93	51	95	43	76	43	31	53	37	71	80	39	56	3	98	84	4	14	58	30	11	69	27	2	22	82	44	67	33	27	40	80	81	54	46	10	70	17	52	44	
8	97	52	98	68	73	47	79	16	50	56	69	29	15	26	25	53	73	90	72	52	35	60	40	63	16	43	20	66	13	26	41	41	76	63	16	90	60	55	60	31	11	70	78	38	53	17	75	16	76	
26	42	78	43	28	17	85	49	1	100	39	11	6	98	16	14	8	31	41	98	77	71	41	30	81	78	17	22	79	72	36	83	14	45	19	28	70	12	40	74	62	51	25	63	30	28	52	16	50	52	
41	86	78	83	82	99	3	72	75	58	34	74	3	36	71	77	79	6	95	85	69	64	34	38	72	86	99	43	70	50	72	89	35	9	61	2	81	98	56	82	13	43	92	71	3	75	44	76	52	48	
