50
1079
75	13	1	28	82	64	100	46	39	66	25	86	89	86	57	91	41	79	46	75	31	50	26	83	55	99	12	52	19	63	4	27	45	29	8	32	28	50	9	41	86	20	14	83	40	13	39	70	58	12	
72	10	99	4	40	56	63	71	91	15	89	61	5	43	40	55	37	50	59	62	79	92	50	84	63	59	84	54	22	84	69	27	14	53	52	57	19	89	39	11	24	32	72	13	23	20	66	71	88	53	
10	64	19	14	69	4	20	78	2	97	79	53	18	17	5	26	41	42	86	84	57	76	61	5	64	90	33	17	99	16	20	87	5	96	30	83	17	29	42	47	82	15	43	100	87	51	73	1	31	52	
99	19	86	22	64	97	98	65	72	36	45	56	10	34	97	41	59	80	9	12	77	71	23	18	65	26	58	44	16	35	93	80	65	50	11	96	84	93	92	80	31	35	19	79	97	15	51	97	26	78	
4	14	22	57	28	5	73	10	36	91	91	51	6	52	86	89	40	42	72	70	85	58	55	35	61	54	50	79	49	68	54	5	71	64	82	67	94	63	53	37	59	93	52	11	6	28	78	38	96	44	
40	69	64	28	17	31	30	51	28	61	2	9	97	67	47	1	79	50	53	58	12	26	34	17	74	92	3	16	79	19	33	2	77	92	68	37	91	90	37	99	25	64	61	57	53	100	29	90	89	9	
56	4	97	5	31	37	12	17	49	37	67	62	91	55	13	38	40	25	33	1	55	82	77	21	55	9	38	92	67	66	24	67	40	55	41	64	13	74	83	92	63	90	31	45	8	69	13	7	96	90	
63	20	98	73	30	12	82	1	13	49	82	99	47	36	54	10	100	95	62	30	55	64	90	84	64	67	84	16	23	98	22	30	61	15	80	20	85	27	28	49	14	25	61	7	83	83	97	90	63	16	
71	78	65	10	51	17	1	7	95	53	17	17	88	72	75	20	4	92	67	11	5	59	34	100	94	54	61	70	52	79	50	29	80	16	34	62	27	60	8	69	94	96	18	25	38	27	83	11	12	29	
91	2	72	36	28	49	13	95	48	61	13	93	34	29	26	99	41	98	39	59	21	10	84	72	32	98	24	11	16	4	94	70	96	35	23	82	94	10	82	46	73	13	65	27	37	83	67	95	99	27	
15	97	36	91	61	37	49	53	61	8	72	58	11	5	98	73	45	76	57	60	14	73	74	70	8	63	20	6	23	12	94	33	64	49	28	37	79	73	2	15	13	65	62	76	92	85	93	66	71	76	
89	79	45	91	2	67	82	17	13	72	19	5	74	95	12	43	1	3	42	91	48	45	38	88	36	74	12	78	66	64	98	82	96	6	61	6	85	48	32	14	7	24	48	56	53	22	57	80	73	70	
61	53	56	51	9	62	99	17	93	58	5	26	62	93	36	86	46	87	83	73	55	63	3	60	15	72	13	36	5	54	93	75	45	88	53	69	91	70	79	97	44	5	21	97	58	50	91	49	17	34	
5	18	10	6	97	91	47	88	34	11	74	62	32	73	97	44	18	75	81	74	81	58	3	25	69	39	98	96	52	94	43	45	74	57	81	95	30	66	48	1	49	85	91	46	10	80	62	11	3	81	
43	17	34	52	67	55	36	72	29	5	95	93	73	59	80	10	80	73	97	46	93	21	12	54	87	44	50	41	68	18	39	19	74	70	8	67	88	6	97	66	93	67	47	85	17	22	15	73	43	29	
40	5	97	86	47	13	54	75	26	98	12	36	97	80	51	65	32	63	40	5	42	77	59	8	75	59	97	11	33	49	71	2	68	10	5	71	92	70	45	56	77	16	25	96	99	81	76	89	54	35	
55	26	41	89	1	38	10	20	99	73	43	86	44	10	65	96	44	21	70	60	60	64	79	14	91	41	31	93	84	17	90	67	33	16	68	41	34	21	74	61	24	100	72	43	10	11	26	24	32	38	
37	41	59	40	79	40	100	4	41	45	1	46	18	80	32	44	40	58	63	61	19	7	79	61	70	54	76	36	15	13	88	70	24	67	27	79	68	100	71	49	34	6	15	21	47	11	39	89	66	61	
50	42	80	42	50	25	95	92	98	76	3	87	75	73	63	21	58	78	92	13	47	96	14	13	97	47	46	39	99	15	73	12	94	16	27	66	9	99	45	63	58	12	10	24	96	87	39	6	63	20	
59	86	9	72	53	33	62	67	39	57	42	83	81	97	40	70	63	92	96	28	22	52	51	72	15	55	13	94	46	17	16	58	85	23	7	67	83	21	12	22	22	100	86	22	14	38	75	92	31	28	
62	84	12	70	58	1	30	11	59	60	91	73	74	46	5	60	61	13	28	6	90	58	12	22	32	9	33	61	4	3	21	100	87	5	75	5	47	26	59	11	98	43	39	82	79	41	28	89	81	3	
79	57	77	85	12	55	55	5	21	14	48	55	81	93	42	60	19	47	22	90	98	44	16	78	73	65	34	32	58	83	97	54	21	93	10	9	92	68	69	2	40	55	10	30	46	21	52	24	57	20	
92	76	71	58	26	82	64	59	10	73	45	63	58	21	77	64	7	96	52	58	44	38	73	60	41	2	89	60	88	48	30	39	84	70	28	63	52	33	43	7	73	43	43	26	17	84	87	50	64	31	
50	61	23	55	34	77	90	34	84	74	38	3	3	12	59	79	79	14	51	12	16	73	34	88	5	34	72	29	92	68	1	29	44	90	42	20	47	39	88	31	29	1	92	72	30	2	33	71	46	81	
84	5	18	35	17	21	84	100	72	70	88	60	25	54	8	14	61	13	72	22	78	60	88	20	34	42	83	14	21	24	35	10	54	100	16	59	63	11	75	70	60	21	89	37	80	70	30	87	44	42	
63	64	65	61	74	55	64	94	32	8	36	15	69	87	75	91	70	97	15	32	73	41	5	34	74	15	61	52	70	16	7	92	82	46	100	24	50	41	63	4	35	69	20	12	16	16	82	32	25	32	
59	90	26	54	92	9	67	54	98	63	74	72	39	44	59	41	54	47	55	9	65	2	34	42	15	67	5	24	43	40	59	55	39	16	94	92	26	79	38	100	82	91	43	49	73	70	57	10	56	48	
84	33	58	50	3	38	84	61	24	20	12	13	98	50	97	31	76	46	13	33	34	89	72	83	61	5	75	12	90	35	19	12	18	61	84	67	91	26	86	74	11	27	37	66	43	17	37	68	94	37	
54	17	44	79	16	92	16	70	11	6	78	36	96	41	11	93	36	39	94	61	32	60	29	14	52	24	12	48	69	54	82	19	79	23	98	11	64	45	49	59	5	8	76	56	13	32	17	76	75	25	
22	99	16	49	79	67	23	52	16	23	66	5	52	68	33	84	15	99	46	4	58	88	92	21	70	43	90	69	2	11	64	98	60	66	68	37	22	68	33	52	88	48	20	86	3	14	4	70	11	32	
84	16	35	68	19	66	98	79	4	12	64	54	94	18	49	17	13	15	17	3	83	48	68	24	16	40	35	54	11	54	50	68	96	26	72	32	72	1	26	48	35	70	71	86	38	45	38	32	52	91	
69	20	93	54	33	24	22	50	94	94	98	93	43	39	71	90	88	73	16	21	97	30	1	35	7	59	19	82	64	50	26	27	3	70	5	4	92	30	61	91	70	13	8	43	82	69	34	57	83	14	
27	87	80	5	2	67	30	29	70	33	82	75	45	19	2	67	70	12	58	100	54	39	29	10	92	55	12	19	98	68	27	93	53	78	41	5	34	13	10	19	29	91	98	5	61	47	99	10	14	33	
14	5	65	71	77	40	61	80	96	64	96	45	74	74	68	33	24	94	85	87	21	84	44	54	82	39	18	79	60	96	3	53	66	56	61	36	6	44	6	76	55	68	52	28	65	33	73	74	78	10	
53	96	50	64	92	55	15	16	35	49	6	88	57	70	10	16	67	16	23	5	93	70	90	100	46	16	61	23	66	26	70	78	56	3	39	3	20	25	80	16	55	17	91	30	66	35	67	36	33	19	
52	30	11	82	68	41	80	34	23	28	61	53	81	8	5	68	27	27	7	75	10	28	42	16	100	94	84	98	68	72	5	41	61	39	61	53	69	82	50	38	31	40	64	71	67	63	22	28	57	10	
57	83	96	67	37	64	20	62	82	37	6	69	95	67	71	41	79	66	67	5	9	63	20	59	24	92	67	11	37	32	4	5	36	3	53	39	79	93	26	35	88	34	82	66	51	61	67	19	86	78	
19	17	84	94	91	13	85	27	94	79	85	91	30	88	92	34	68	9	83	47	92	52	47	63	50	26	91	64	22	72	92	34	6	20	69	79	5	82	70	55	63	6	42	44	43	40	65	45	12	75	
89	29	93	63	90	74	27	60	10	73	48	70	66	6	70	21	100	99	21	26	68	33	39	11	41	79	26	45	68	1	30	13	44	25	82	93	82	76	1	30	7	2	30	25	63	84	82	28	77	91	
39	42	92	53	37	83	28	8	82	2	32	79	48	97	45	74	71	45	12	59	69	43	88	75	63	38	86	49	33	26	61	10	6	80	50	26	70	1	69	29	81	38	38	31	50	62	19	83	59	97	
11	47	80	37	99	92	49	69	46	15	14	97	1	66	56	61	49	63	22	11	2	7	31	70	4	100	74	59	52	48	91	19	76	16	38	35	55	30	29	44	22	10	74	53	62	31	52	88	20	95	
24	82	31	59	25	63	14	94	73	13	7	44	49	93	77	24	34	58	22	98	40	73	29	60	35	82	11	5	88	35	70	29	55	55	31	88	63	7	81	22	99	44	32	32	74	64	27	43	18	88	
32	15	35	93	64	90	25	96	13	65	24	5	85	67	16	100	6	12	100	43	55	43	1	21	69	91	27	8	48	70	13	91	68	17	40	34	6	2	38	10	44	13	12	62	64	66	18	31	43	48	
72	43	19	52	61	31	61	18	65	62	48	21	91	47	25	72	15	10	86	39	10	43	92	89	20	43	37	76	20	71	8	98	52	91	64	82	42	30	38	74	32	12	69	87	92	67	91	9	99	49	
13	100	79	11	57	45	7	25	27	76	56	97	46	85	96	43	21	24	22	82	30	26	72	37	12	49	66	56	86	86	43	5	28	30	71	66	44	25	31	53	32	62	87	71	54	64	65	67	90	33	
23	87	97	6	53	8	83	38	37	92	53	58	10	17	99	10	47	96	14	79	46	17	30	80	16	73	43	13	3	38	82	61	65	66	67	51	43	63	50	62	74	64	92	54	20	68	38	41	1	2	
20	51	15	28	100	69	83	27	83	85	22	50	80	22	81	11	11	87	38	41	21	84	2	70	16	70	17	32	14	45	69	47	33	35	63	61	40	84	62	31	64	66	67	64	68	58	52	28	50	11	
66	73	51	78	29	13	97	83	67	93	57	91	62	15	76	26	39	39	75	28	52	87	33	30	82	57	37	17	4	38	34	99	73	67	22	67	65	82	19	52	27	18	91	65	38	52	61	75	8	12	
71	1	97	38	90	7	90	11	95	66	80	49	11	73	89	24	89	6	92	89	24	50	71	87	32	10	68	76	70	32	57	10	74	36	28	19	45	28	83	88	43	31	9	67	41	28	75	53	39	16	
88	31	26	96	89	96	63	12	99	71	73	17	3	43	54	32	66	63	31	81	57	64	46	44	25	56	94	75	11	52	83	14	78	33	57	86	12	77	59	20	18	43	99	90	1	50	8	39	89	44	
53	52	78	44	9	90	16	29	27	76	70	34	81	29	35	38	61	20	28	3	20	31	81	42	32	48	37	25	32	91	14	33	10	19	10	78	75	91	97	95	88	48	49	33	2	11	12	16	44	44	
