50
1178
20	96	89	93	95	29	37	23	40	59	55	65	18	1	54	48	61	77	50	43	52	75	73	28	29	64	42	87	29	20	53	55	71	27	85	60	78	23	23	22	85	33	9	28	87	44	83	25	30	17	
71	83	71	90	29	80	44	46	81	12	82	58	32	22	42	14	27	96	78	89	51	1	32	67	97	28	23	36	5	89	57	68	42	88	67	3	10	74	6	42	82	18	54	53	10	42	59	43	52	72	
83	71	18	31	10	92	25	100	48	89	87	49	46	27	69	90	54	16	43	75	56	61	6	83	24	91	39	62	45	85	50	51	88	20	72	96	28	42	47	29	34	71	75	8	34	49	53	69	13	48	
71	18	19	48	36	85	2	97	54	42	50	32	37	43	76	93	61	45	46	12	8	56	82	43	21	35	65	83	21	100	40	58	40	78	50	51	41	40	53	94	99	19	1	47	14	88	47	73	9	74	
90	31	48	10	26	70	24	57	55	32	33	12	42	24	3	51	17	61	70	12	64	7	77	45	49	53	43	66	94	34	5	75	17	76	87	46	69	49	72	90	66	35	2	6	12	78	85	29	25	30	
29	10	36	26	46	17	56	84	61	57	33	65	5	54	30	61	79	7	11	63	24	70	11	31	83	28	25	11	19	7	34	99	14	99	46	58	74	56	59	81	76	79	86	6	64	23	74	50	37	87	
80	92	85	70	17	64	28	26	8	14	53	17	96	20	4	22	78	100	80	18	82	72	86	5	29	98	6	97	48	87	19	44	10	43	45	98	79	15	52	1	39	28	81	1	73	87	93	82	84	46	
44	25	2	24	56	28	41	42	16	7	98	44	82	49	76	44	45	21	80	82	97	95	59	7	73	14	30	24	24	77	3	46	81	2	34	84	16	73	57	82	15	71	78	17	65	77	80	99	39	50	
46	100	97	57	84	26	42	51	92	27	31	70	16	30	9	36	4	52	49	43	65	43	7	67	20	6	9	57	59	28	99	13	12	74	30	35	95	43	52	70	46	13	48	53	66	24	83	39	85	100	
81	48	54	55	61	8	16	92	97	16	22	73	93	45	14	87	81	55	14	61	14	66	40	25	63	61	93	42	24	40	85	78	89	2	28	25	49	52	89	11	19	18	31	55	33	31	22	36	90	5	
12	89	42	32	57	14	7	27	16	20	1	11	85	51	70	64	23	55	19	91	75	60	49	16	71	48	74	75	34	63	25	53	96	48	41	76	24	21	5	27	98	76	67	1	33	47	68	19	93	45	
82	87	50	33	33	53	98	31	22	1	86	18	96	31	87	82	68	17	54	25	91	1	11	49	9	97	38	70	100	95	64	94	32	56	88	90	45	38	30	63	60	97	77	86	6	75	73	76	84	26	
58	49	32	12	65	17	44	70	73	11	18	52	21	30	34	50	63	8	66	56	43	76	23	82	21	51	25	27	71	79	77	3	22	96	94	6	61	76	18	97	68	99	42	20	87	79	31	17	67	48	
32	46	37	42	5	96	82	16	93	85	96	21	55	89	100	35	87	94	6	30	37	70	32	27	37	93	79	20	83	28	3	55	58	32	28	61	61	94	26	22	36	79	4	86	95	97	66	93	10	21	
22	27	43	24	54	20	49	30	45	51	31	30	89	32	47	71	84	80	13	8	11	8	48	75	49	85	62	30	11	63	81	60	18	25	3	74	12	40	78	32	43	94	95	89	18	66	84	89	24	76	
42	69	76	3	30	4	76	9	14	70	87	34	100	47	3	32	95	65	45	61	25	84	90	10	2	19	16	87	99	4	20	22	56	76	6	81	69	35	42	42	31	58	53	27	22	37	28	23	99	100	
14	90	93	51	61	22	44	36	87	64	82	50	35	71	32	10	10	25	9	64	85	60	56	21	1	19	78	95	15	70	81	14	68	52	18	68	47	87	48	34	52	47	34	4	62	97	18	87	7	80	
27	54	61	17	79	78	45	4	81	23	68	63	87	84	95	10	64	98	22	58	37	74	24	21	60	38	16	83	95	87	38	33	61	35	45	24	55	71	69	60	48	85	59	39	40	96	94	57	58	9	
96	16	45	61	7	100	21	52	55	55	17	8	94	80	65	25	98	80	96	58	46	28	16	36	47	72	82	84	78	41	100	83	33	94	92	20	45	69	63	24	43	79	15	48	62	46	60	88	29	4	
78	43	46	70	11	80	80	49	14	19	54	66	6	13	45	9	22	96	92	18	49	70	50	22	70	59	71	66	40	75	8	8	66	51	100	5	49	95	47	34	6	52	36	21	31	71	63	1	78	10	
89	75	12	12	63	18	82	43	61	91	25	56	30	8	61	64	58	58	18	39	92	72	68	72	50	72	70	47	94	6	3	77	25	1	13	6	17	18	22	41	26	53	81	25	43	41	8	35	3	8	
51	56	8	64	24	82	97	65	14	75	91	43	37	11	25	85	37	46	49	92	84	87	9	2	56	24	61	28	19	9	49	51	86	73	14	40	59	71	30	3	68	5	29	28	23	92	73	47	10	89	
1	61	56	7	70	72	95	43	66	60	1	76	70	8	84	60	74	28	70	72	87	38	80	99	56	83	94	30	13	3	47	1	97	25	96	43	81	25	78	54	44	45	97	17	88	44	18	19	49	3	
32	6	82	77	11	86	59	7	40	49	11	23	32	48	90	56	24	16	50	68	9	80	79	59	75	72	48	23	57	78	18	67	78	48	7	71	48	95	94	40	44	6	25	38	12	45	32	50	36	81	
67	83	43	45	31	5	7	67	25	16	49	82	27	75	10	21	21	36	22	72	2	99	59	78	10	51	14	56	65	73	76	76	45	84	72	12	36	66	76	19	42	43	23	46	9	17	55	71	82	48	
97	24	21	49	83	29	73	20	63	71	9	21	37	49	2	1	60	47	70	50	56	56	75	10	83	58	65	64	64	55	15	71	20	33	39	81	3	8	33	57	39	87	53	37	56	5	41	85	85	7	
28	91	35	53	28	98	14	6	61	48	97	51	93	85	19	19	38	72	59	72	24	83	72	51	58	17	45	52	98	35	36	17	75	41	85	20	21	57	17	62	42	15	97	24	42	38	40	54	27	63	
23	39	65	43	25	6	30	9	93	74	38	25	79	62	16	78	16	82	71	70	61	94	48	14	65	45	50	31	96	41	96	66	83	63	52	1	91	55	19	18	86	99	75	75	3	27	28	90	68	47	
36	62	83	66	11	97	24	57	42	75	70	27	20	30	87	95	83	84	66	47	28	30	23	56	64	52	31	17	1	12	19	36	34	83	70	34	95	13	8	24	7	98	100	88	92	96	13	30	70	81	
5	45	21	94	19	48	24	59	24	34	100	71	83	11	99	15	95	78	40	94	19	13	57	65	64	98	96	1	17	88	92	48	13	67	97	84	47	64	52	54	12	13	93	2	48	14	58	34	14	62	
89	85	100	34	7	87	77	28	40	63	95	79	28	63	4	70	87	41	75	6	9	3	78	73	55	35	41	12	88	15	1	43	77	100	13	31	76	61	75	72	51	84	72	3	94	98	96	22	76	50	
57	50	40	5	34	19	3	99	85	25	64	77	3	81	20	81	38	100	8	3	49	47	18	76	15	36	96	19	92	1	5	67	19	50	61	48	24	78	45	33	11	45	43	79	48	4	11	52	98	62	
68	51	58	75	99	44	46	13	78	53	94	3	55	60	22	14	33	83	8	77	51	1	67	76	71	17	66	36	48	43	67	44	31	94	98	40	33	6	23	83	63	8	65	8	65	16	91	56	47	10	
42	88	40	17	14	10	81	12	89	96	32	22	58	18	56	68	61	33	66	25	86	97	78	45	20	75	83	34	13	77	19	31	31	29	67	56	97	38	79	45	32	34	41	23	75	75	57	28	76	53	
88	20	78	76	99	43	2	74	2	48	56	96	32	25	76	52	35	94	51	1	73	25	48	84	33	41	63	83	67	100	50	94	29	6	44	49	31	17	40	100	46	51	61	6	64	23	92	30	73	36	
67	72	50	87	46	45	34	30	28	41	88	94	28	3	6	18	45	92	100	13	14	96	7	72	39	85	52	70	97	13	61	98	67	44	73	12	13	50	69	57	25	6	81	48	34	64	48	80	24	81	
3	96	51	46	58	98	84	35	25	76	90	6	61	74	81	68	24	20	5	6	40	43	71	12	81	20	1	34	84	31	48	40	56	49	12	65	78	66	78	75	98	96	66	66	55	68	73	99	26	30	
10	28	41	69	74	79	16	95	49	24	45	61	61	12	69	47	55	45	49	17	59	81	48	36	3	21	91	95	47	76	24	33	97	31	13	78	37	91	56	86	25	30	44	84	73	89	78	27	33	79	
74	42	40	49	56	15	73	43	52	21	38	76	94	40	35	87	71	69	95	18	71	25	95	66	8	57	55	13	64	61	78	6	38	17	50	66	91	100	19	44	94	22	10	22	37	59	67	69	22	98	
6	47	53	72	59	52	57	52	89	5	30	18	26	78	42	48	69	63	47	22	30	78	94	76	33	17	19	8	52	75	45	23	79	40	69	78	56	19	83	5	46	29	17	69	16	71	41	28	9	78	
42	29	94	90	81	1	82	70	11	27	63	97	22	32	42	34	60	24	34	41	3	54	40	19	57	62	18	24	54	72	33	83	45	100	57	75	86	44	5	38	25	37	52	62	87	96	64	78	3	74	
82	34	99	66	76	39	15	46	19	98	60	68	36	43	31	52	48	43	6	26	68	44	44	42	39	42	86	7	12	51	11	63	32	46	25	98	25	94	46	25	32	9	79	83	75	33	92	6	43	83	
18	71	19	35	79	28	71	13	18	76	97	99	79	94	58	47	85	79	52	53	5	45	6	43	87	15	99	98	13	84	45	8	34	51	6	96	30	22	29	37	9	17	59	7	61	40	99	24	15	54	
54	75	1	2	86	81	78	48	31	67	77	42	4	95	53	34	59	15	36	81	29	97	25	23	53	97	75	100	93	72	43	65	41	61	81	66	44	10	17	52	79	59	44	51	38	18	35	87	57	81	
53	8	47	6	6	1	17	53	55	1	86	20	86	89	27	4	39	48	21	25	28	17	38	46	37	24	75	88	2	3	79	8	23	6	48	66	84	22	69	62	83	7	51	8	79	78	60	8	40	95	
10	34	14	12	64	73	65	66	33	33	6	87	95	18	22	62	40	62	31	43	23	88	12	9	56	42	3	92	48	94	48	65	75	64	34	55	73	37	16	87	75	61	38	79	1	46	10	37	44	75	
42	49	88	78	23	87	77	24	31	47	75	79	97	66	37	97	96	46	71	41	92	44	45	17	5	38	27	96	14	98	4	16	75	23	64	68	89	59	71	96	33	40	18	78	46	35	85	92	41	86	
59	53	47	85	74	93	80	83	22	68	73	31	66	84	28	18	94	60	63	8	73	18	32	55	41	40	28	13	58	96	11	91	57	92	48	73	78	67	41	64	92	99	35	60	10	85	58	53	51	97	
43	69	73	29	50	82	99	39	36	19	76	17	93	89	23	87	57	88	1	35	47	19	50	71	85	54	90	30	34	22	52	56	28	30	80	99	27	69	28	78	6	24	87	8	37	92	53	16	51	46	
52	13	9	25	37	84	39	85	90	93	84	67	10	24	99	7	58	29	78	3	10	49	36	82	85	27	68	70	14	76	98	47	76	73	24	26	33	22	9	3	43	15	57	40	44	41	51	51	76	98	
72	48	74	30	87	46	50	100	5	45	26	48	21	76	100	80	9	4	10	8	89	3	81	48	7	63	47	81	62	50	62	10	53	36	81	30	79	98	78	74	83	54	81	95	75	86	97	46	98	85	
