50
1396
43	64	37	72	56	57	6	54	68	46	98	74	85	63	98	4	89	66	43	37	54	87	4	64	7	57	48	51	84	84	30	32	24	27	1	81	31	84	83	43	54	63	10	7	26	20	94	40	62	16	
14	16	63	11	59	64	69	16	81	99	45	19	4	29	17	21	4	32	52	47	2	49	36	35	23	22	65	72	44	41	82	64	32	39	3	8	86	54	4	97	54	27	64	92	88	45	38	38	34	35	
16	44	56	56	97	11	66	93	38	62	11	90	91	50	34	94	58	17	55	88	58	31	22	14	23	79	65	15	22	62	71	79	6	87	44	85	60	83	82	73	10	89	95	64	45	21	61	47	27	92	
63	56	14	94	2	12	25	47	13	98	24	51	56	28	68	64	73	41	17	77	43	59	8	37	2	51	2	10	44	21	48	13	79	36	33	21	65	11	78	33	17	3	85	9	71	53	6	45	14	50	
11	56	94	59	41	56	36	45	70	27	85	2	89	25	67	4	82	60	93	73	73	99	97	31	75	11	35	34	55	74	93	31	52	46	51	33	19	84	74	42	67	31	74	5	49	72	92	82	38	38	
59	97	2	41	14	15	44	38	97	53	77	86	93	96	25	30	20	89	8	4	61	70	86	21	43	60	11	91	82	63	40	78	98	75	28	2	65	63	69	85	91	12	45	7	20	83	33	15	65	53	
64	11	12	56	15	71	67	99	44	5	5	10	62	45	38	3	47	16	54	32	29	62	15	13	38	26	81	73	15	92	43	26	34	29	40	38	4	38	49	4	15	83	8	58	63	2	2	43	89	20	
69	66	25	36	44	67	3	29	26	24	6	58	89	49	61	69	40	7	33	4	83	3	18	47	79	82	30	54	80	40	3	4	4	4	20	100	53	5	23	100	43	78	80	62	84	52	30	81	54	20	
16	93	47	45	38	99	29	2	65	63	86	100	42	15	30	59	7	24	76	45	63	75	3	9	49	7	33	21	33	11	68	79	66	54	79	97	61	60	28	1	63	96	63	78	84	66	90	69	30	91	
81	38	13	70	97	44	26	65	60	14	55	10	78	13	55	71	96	55	19	47	57	43	68	13	46	93	91	10	71	67	26	11	63	88	7	56	47	75	29	17	45	87	9	47	60	46	20	3	76	63	
99	62	98	27	53	5	24	63	14	78	46	59	69	63	56	81	36	81	8	78	71	27	37	84	55	59	27	53	10	91	31	4	60	38	56	62	96	94	43	18	24	42	93	46	25	41	53	70	32	81	
45	11	24	85	77	5	6	86	55	46	70	71	33	2	45	3	66	79	9	64	47	90	76	26	84	59	53	73	64	83	77	44	26	31	48	86	42	28	79	14	54	13	6	82	40	49	6	16	58	4	
19	90	51	2	86	10	58	100	10	59	71	66	95	23	18	24	65	42	38	33	85	91	93	35	59	98	8	5	2	86	72	39	65	80	74	34	18	81	41	7	5	3	55	73	54	36	39	78	98	41	
4	91	56	89	93	62	89	42	78	69	33	95	36	36	12	90	24	56	29	34	70	28	57	42	94	78	60	74	89	71	23	72	31	66	89	64	43	97	52	5	53	8	95	56	63	41	46	75	89	15	
29	50	28	25	96	45	49	15	13	63	2	23	36	67	3	55	96	93	45	44	79	10	86	25	65	78	97	53	23	76	26	15	73	39	4	98	77	10	79	31	39	41	37	16	61	62	87	97	68	4	
17	34	68	67	25	38	61	30	55	56	45	18	12	3	53	2	45	9	18	70	82	79	15	98	67	19	14	15	98	73	65	9	38	40	45	60	90	35	10	87	53	37	34	84	6	60	13	91	82	62	
21	94	64	4	30	3	69	59	71	81	3	24	90	55	2	10	56	85	67	61	92	32	33	36	10	48	62	12	47	14	85	50	50	7	59	35	81	80	21	96	22	51	75	91	62	44	99	92	9	76	
4	58	73	82	20	47	40	7	96	36	66	65	24	96	45	56	32	32	91	42	70	41	48	40	83	34	2	65	22	95	73	62	44	63	22	77	38	84	66	18	83	42	81	87	77	64	42	49	25	87	
32	17	41	60	89	16	7	24	55	81	79	42	56	93	9	85	32	53	86	53	11	16	89	10	39	79	100	35	25	85	86	96	59	79	80	5	22	77	35	97	65	64	73	82	100	76	5	31	3	69	
52	55	17	93	8	54	33	76	19	8	9	38	29	45	18	67	91	86	7	2	60	68	91	70	51	56	1	100	10	96	64	58	63	29	3	7	85	48	3	4	29	11	69	96	46	84	23	57	42	46	
47	88	77	73	4	32	4	45	47	78	64	33	34	44	70	61	42	53	2	68	43	75	86	65	92	46	80	14	26	91	3	85	66	70	32	56	37	43	23	97	10	5	25	34	8	46	3	33	29	1	
2	58	43	73	61	29	83	63	57	71	47	85	70	79	82	92	70	11	60	43	13	55	93	55	93	78	51	18	44	58	58	7	62	67	10	55	22	2	26	19	64	57	3	48	58	66	2	71	62	14	
49	31	59	99	70	62	3	75	43	27	90	91	28	10	79	32	41	16	68	75	55	93	6	43	47	24	72	59	83	64	33	8	36	94	36	88	28	38	72	72	70	80	98	34	40	62	75	86	77	4	
36	22	8	97	86	15	18	3	68	37	76	93	57	86	15	33	48	89	91	86	93	6	19	74	49	65	34	50	28	12	75	80	13	24	46	99	11	75	84	98	68	73	60	51	27	81	50	20	3	42	
35	14	37	31	21	13	47	9	13	84	26	35	42	25	98	36	40	10	70	65	55	43	74	62	81	5	39	72	26	100	92	1	99	2	75	93	28	83	34	94	41	71	85	32	21	100	78	24	22	29	
23	23	2	75	43	38	79	49	46	55	84	59	94	65	67	10	83	39	51	92	93	47	49	81	10	99	5	41	20	91	99	76	57	31	81	82	48	75	39	98	74	91	32	17	14	64	16	18	49	47	
22	79	51	11	60	26	82	7	93	59	59	98	78	78	19	48	34	79	56	46	78	24	65	5	99	77	77	19	37	28	30	63	15	70	33	86	78	11	84	68	39	44	16	24	97	6	11	18	23	69	
65	65	2	35	11	81	30	33	91	27	53	8	60	97	14	62	2	100	1	80	51	72	34	39	5	77	67	32	25	22	86	47	5	82	43	26	47	94	15	34	16	88	66	90	97	95	14	35	96	64	
72	15	10	34	91	73	54	21	10	53	73	5	74	53	15	12	65	35	100	14	18	59	50	72	41	19	32	57	93	8	92	72	42	19	63	74	73	27	85	70	93	46	100	32	63	94	76	99	41	61	
44	22	44	55	82	15	80	33	71	10	64	2	89	23	98	47	22	25	10	26	44	83	28	26	20	37	25	93	52	25	43	70	63	66	9	17	80	92	76	98	9	87	29	47	72	69	65	87	62	74	
41	62	21	74	63	92	40	11	67	91	83	86	71	76	73	14	95	85	96	91	58	64	12	100	91	28	22	8	25	1	85	85	3	18	64	94	91	84	45	99	31	45	61	94	77	78	55	34	5	62	
82	71	48	93	40	43	3	68	26	31	77	72	23	26	65	85	73	86	64	3	58	33	75	92	99	30	86	92	43	85	75	2	34	21	48	85	4	66	37	30	66	86	34	76	30	25	95	14	2	63	
64	79	13	31	78	26	4	79	11	4	44	39	72	15	9	50	62	96	58	85	7	8	80	1	76	63	47	72	70	85	2	76	92	23	58	50	8	18	49	67	32	38	38	50	43	38	12	14	71	44	
32	6	79	52	98	34	4	66	63	60	26	65	31	73	38	50	44	59	63	66	62	36	13	99	57	15	5	42	63	3	34	92	13	20	56	57	50	61	8	27	81	36	71	100	34	52	80	73	63	97	
39	87	36	46	75	29	4	54	88	38	31	80	66	39	40	7	63	79	29	70	67	94	24	2	31	70	82	19	66	18	21	23	20	16	90	28	15	79	29	4	99	33	100	69	68	7	47	92	56	86	
3	44	33	51	28	40	20	79	7	56	48	74	89	4	45	59	22	80	3	32	10	36	46	75	81	33	43	63	9	64	48	58	56	90	45	21	65	56	71	6	9	82	55	88	98	88	82	51	22	15	
8	85	21	33	2	38	100	97	56	62	86	34	64	98	60	35	77	5	7	56	55	88	99	93	82	86	26	74	17	94	85	50	57	28	21	52	29	82	87	62	18	28	25	17	45	84	89	42	71	1	
86	60	65	19	65	4	53	61	47	96	42	18	43	77	90	81	38	22	85	37	22	28	11	28	48	78	47	73	80	91	4	8	50	15	65	29	88	8	58	89	88	49	25	43	28	86	40	41	73	59	
54	83	11	84	63	38	5	60	75	94	28	81	97	10	35	80	84	77	48	43	2	38	75	83	75	11	94	27	92	84	66	18	61	79	56	82	8	66	33	75	74	70	16	30	8	52	7	43	17	11	
4	82	78	74	69	49	23	28	29	43	79	41	52	79	10	21	66	35	3	23	26	72	84	34	39	84	15	85	76	45	37	49	8	29	71	87	58	33	12	88	91	14	69	1	86	74	94	18	37	58	
97	73	33	42	85	4	100	1	17	18	14	7	5	31	87	96	18	97	4	97	19	72	98	94	98	68	34	70	98	99	30	67	27	4	6	62	89	75	88	38	91	74	27	21	28	11	32	29	2	76	
54	10	17	67	91	15	43	63	45	24	54	5	53	39	53	22	83	65	29	10	64	70	68	41	74	39	16	93	9	31	66	32	81	99	9	18	88	74	91	91	12	74	52	90	42	42	10	41	62	72	
27	89	3	31	12	83	78	96	87	42	13	3	8	41	37	51	42	64	11	5	57	80	73	71	91	44	88	46	87	45	86	38	36	33	82	28	49	70	14	74	74	69	52	24	36	54	95	37	68	47	
64	95	85	74	45	8	80	63	9	93	6	55	95	37	34	75	81	73	69	25	3	98	60	85	32	16	66	100	29	61	34	38	71	100	55	25	25	16	69	27	52	52	73	11	93	30	19	11	45	82	
92	64	9	5	7	58	62	78	47	46	82	73	56	16	84	91	87	82	96	34	48	34	51	32	17	24	90	32	47	94	76	50	100	69	88	17	43	30	1	21	90	24	11	13	67	71	16	27	29	23	
88	45	71	49	20	63	84	84	60	25	40	54	63	61	6	62	77	100	46	8	58	40	27	21	14	97	97	63	72	77	30	43	34	68	98	45	28	8	86	28	42	36	93	67	21	26	72	81	11	17	
45	21	53	72	83	2	52	66	46	41	49	36	41	62	60	44	64	76	84	46	66	62	81	100	64	6	95	94	69	78	25	38	52	7	88	84	86	52	74	11	42	54	30	71	26	15	68	68	78	82	
38	61	6	92	33	2	30	90	20	53	6	39	46	87	13	99	42	5	23	3	2	75	50	78	16	11	14	76	65	55	95	12	80	47	82	89	40	7	94	32	10	95	19	16	72	68	70	95	52	9	
38	47	45	82	15	43	81	69	3	70	16	78	75	97	91	92	49	31	57	33	71	86	20	24	18	18	35	99	87	34	14	14	73	92	51	42	41	43	18	29	41	37	11	27	81	68	95	45	93	60	
34	27	14	38	65	89	54	30	76	32	58	98	89	68	82	9	25	3	42	29	62	77	3	22	49	23	96	41	62	5	2	71	63	56	22	71	73	17	37	2	62	68	45	29	11	78	52	93	57	4	
35	92	50	38	53	20	20	91	63	81	4	41	15	4	62	76	87	69	46	1	14	4	42	29	47	69	64	61	74	62	63	44	97	86	15	1	59	11	58	76	72	47	82	23	17	82	9	60	4	53	
