50
1509
46	60	79	87	50	63	66	52	85	82	65	96	72	7	48	43	25	96	75	34	43	87	57	51	92	25	14	15	5	55	93	9	77	6	25	1	20	84	26	83	15	53	49	97	56	56	69	89	69	51	
13	7	6	43	21	72	56	27	2	67	78	87	27	27	70	48	41	83	44	50	22	53	13	9	72	39	77	10	36	16	74	77	45	54	87	48	13	6	8	8	44	68	95	23	35	83	71	11	25	81	
7	6	49	64	57	38	50	20	24	69	38	53	50	98	11	93	10	17	70	37	46	46	96	53	17	15	43	63	9	5	88	56	41	39	5	59	34	27	6	67	28	47	99	50	86	51	76	100	44	9	
6	49	65	25	33	73	8	35	37	13	62	17	29	46	60	35	38	18	78	36	4	83	83	2	3	70	40	71	81	38	16	96	32	10	3	14	22	38	89	75	16	5	6	36	2	90	41	27	11	65	
43	64	25	80	92	79	22	65	90	86	63	17	78	34	73	62	14	52	65	25	53	65	5	42	17	97	86	90	7	5	93	91	25	21	67	89	41	43	67	30	48	36	77	55	59	55	99	49	21	23	
21	57	33	92	97	82	71	84	89	19	41	57	67	29	5	29	30	34	9	44	63	84	18	76	76	38	15	91	23	14	50	80	92	5	13	21	29	87	12	28	63	38	66	26	28	58	31	87	6	24	
72	38	73	79	82	19	51	95	54	90	25	87	79	44	20	92	77	57	7	2	86	96	32	56	82	82	56	40	83	31	34	53	5	59	78	71	44	17	77	43	12	20	23	73	21	94	7	70	44	15	
56	50	8	22	71	51	57	18	29	73	21	4	87	95	36	99	100	24	55	79	13	93	25	43	99	24	88	39	80	5	59	62	76	87	61	99	57	60	94	95	98	78	37	45	65	57	58	15	98	100	
27	20	35	65	84	95	18	9	82	77	40	19	61	65	64	78	59	38	55	24	21	39	19	82	44	68	81	92	70	100	43	64	65	7	76	78	88	86	31	29	47	38	48	51	83	82	79	21	10	11	
2	24	37	90	89	54	29	82	15	75	42	70	16	70	36	62	90	75	21	62	43	86	81	54	17	75	7	22	62	95	48	58	62	87	10	47	78	82	37	94	19	85	91	89	80	35	21	40	52	58	
67	69	13	86	19	90	73	77	75	37	41	28	98	79	55	8	7	5	56	62	50	57	27	87	36	73	86	57	31	69	51	23	53	82	1	23	55	92	10	61	79	47	82	92	54	28	50	66	25	68	
78	38	62	63	41	25	21	40	42	41	11	83	18	54	38	4	28	23	55	71	57	49	19	40	33	71	84	12	60	24	75	75	93	60	10	85	28	36	94	8	85	80	31	40	62	29	26	24	100	9	
87	53	17	17	57	87	4	19	70	28	83	3	76	76	18	3	46	48	66	58	94	40	3	82	84	98	8	32	15	51	69	52	97	23	18	42	4	88	49	25	37	73	5	32	25	85	81	87	45	59	
27	50	29	78	67	79	87	61	16	98	18	76	1	20	83	79	3	60	53	52	39	64	57	7	33	54	12	37	70	98	31	87	19	71	47	33	36	88	93	62	59	6	58	51	11	48	36	34	63	65	
27	98	46	34	29	44	95	65	70	79	54	76	20	95	94	9	86	33	85	73	72	5	3	46	49	2	68	66	72	70	54	42	65	90	72	91	98	10	67	89	27	43	58	22	31	46	8	6	74	6	
70	11	60	73	5	20	36	64	36	55	38	18	83	94	16	84	83	66	56	11	69	30	44	40	47	77	53	59	52	10	45	87	64	95	13	64	5	17	88	61	25	85	2	63	77	14	27	93	7	21	
48	93	35	62	29	92	99	78	62	8	4	3	79	9	84	68	47	54	75	9	32	48	38	31	8	16	17	74	59	6	7	16	79	78	25	38	11	33	35	42	62	51	41	46	96	31	82	25	43	42	
41	10	38	14	30	77	100	59	90	7	28	46	3	86	83	47	26	46	38	78	20	71	45	36	63	80	86	78	48	5	29	84	50	81	81	21	40	2	20	32	48	51	53	19	49	3	82	78	35	8	
83	17	18	52	34	57	24	38	75	5	23	48	60	33	66	54	46	83	33	100	70	48	92	85	9	60	67	16	37	94	58	53	27	83	1	4	8	89	38	23	97	10	40	88	12	17	36	75	99	6	
44	70	78	65	9	7	55	55	21	56	55	66	53	85	56	75	38	33	79	87	100	87	34	14	75	95	25	26	8	83	59	16	23	20	11	95	86	38	53	86	40	64	10	10	25	55	37	49	61	73	
50	37	36	25	44	2	79	24	62	62	71	58	52	73	11	9	78	100	87	2	4	77	84	36	86	9	41	17	77	17	92	87	95	44	46	75	65	36	19	29	47	63	48	46	23	80	8	78	55	25	
22	46	4	53	63	86	13	21	43	50	57	94	39	72	69	32	20	70	100	4	82	55	8	8	33	61	5	6	40	72	31	55	90	71	10	74	16	15	8	93	26	16	57	53	64	82	30	98	49	74	
53	46	83	65	84	96	93	39	86	57	49	40	64	5	30	48	71	48	87	77	55	72	26	18	19	53	32	12	4	36	11	100	61	12	56	71	36	49	1	31	91	41	3	63	45	7	18	81	67	87	
13	96	83	5	18	32	25	19	81	27	19	3	57	3	44	38	45	92	34	84	8	26	3	71	49	97	7	98	4	85	42	8	88	13	15	85	4	85	13	42	20	6	12	35	52	76	11	37	61	10	
9	53	2	42	76	56	43	82	54	87	40	82	7	46	40	31	36	85	14	36	8	18	71	62	76	61	63	60	2	60	24	70	54	91	82	40	66	73	87	79	15	63	60	51	5	94	6	48	22	38	
72	17	3	17	76	82	99	44	17	36	33	84	33	49	47	8	63	9	75	86	33	19	49	76	63	46	17	71	62	35	90	77	54	51	62	60	100	61	36	63	41	98	81	83	95	31	77	12	40	29	
39	15	70	97	38	82	24	68	75	73	71	98	54	2	77	16	80	60	95	9	61	53	97	61	46	86	68	99	32	39	44	9	91	38	90	56	64	57	29	10	83	7	35	38	29	92	3	72	38	22	
77	43	40	86	15	56	88	81	7	86	84	8	12	68	53	17	86	67	25	41	5	32	7	63	17	68	28	89	84	92	32	36	39	14	94	31	36	97	65	66	78	32	51	83	77	68	49	60	5	90	
10	63	71	90	91	40	39	92	22	57	12	32	37	66	59	74	78	16	26	17	6	12	98	60	71	99	89	63	58	49	88	2	45	18	43	7	86	29	29	80	76	84	59	57	60	32	56	58	18	86	
36	9	81	7	23	83	80	70	62	31	60	15	70	72	52	59	48	37	8	77	40	4	4	2	62	32	84	58	30	69	39	36	16	46	49	27	22	19	27	76	78	68	88	15	75	25	15	69	37	82	
16	5	38	5	14	31	5	100	95	69	24	51	98	70	10	6	5	94	83	17	72	36	85	60	35	39	92	49	69	67	44	39	31	6	93	13	29	60	15	26	44	72	26	39	60	38	6	93	71	77	
74	88	16	93	50	34	59	43	48	51	75	69	31	54	45	7	29	58	59	92	31	11	42	24	90	44	32	88	39	44	57	73	16	99	70	52	25	95	18	53	63	97	64	96	95	79	48	75	79	39	
77	56	96	91	80	53	62	64	58	23	75	52	87	42	87	16	84	53	16	87	55	100	8	70	77	9	36	2	36	39	73	93	22	34	48	88	95	92	59	39	69	52	97	55	89	99	8	32	75	51	
45	41	32	25	92	5	76	65	62	53	93	97	19	65	64	79	50	27	23	95	90	61	88	54	54	91	39	45	16	31	16	22	1	61	36	19	7	2	63	62	29	67	34	74	20	42	24	95	7	18	
54	39	10	21	5	59	87	7	87	82	60	23	71	90	95	78	81	83	20	44	71	12	13	91	51	38	14	18	46	6	99	34	61	57	34	29	79	21	18	40	58	90	38	96	12	27	39	39	15	24	
87	5	3	67	13	78	61	76	10	1	10	18	47	72	13	25	81	1	11	46	10	56	15	82	62	90	94	43	49	93	70	48	36	34	65	19	55	7	58	21	9	21	48	54	35	51	10	59	42	91	
48	59	14	89	21	71	99	78	47	23	85	42	33	91	64	38	21	4	95	75	74	71	85	40	60	56	31	7	27	13	52	88	19	29	19	80	58	46	68	83	97	3	72	52	61	2	12	29	20	92	
13	34	22	41	29	44	57	88	78	55	28	4	36	98	5	11	40	8	86	65	16	36	4	66	100	64	36	86	22	29	25	95	7	79	55	58	79	70	97	78	37	15	3	86	48	33	54	39	51	84	
6	27	38	43	87	17	60	86	82	92	36	88	88	10	17	33	2	89	38	36	15	49	85	73	61	57	97	29	19	60	95	92	2	21	7	46	70	25	13	17	66	87	85	13	55	73	97	86	79	25	
8	6	89	67	12	77	94	31	37	10	94	49	93	67	88	35	20	38	53	19	8	1	13	87	36	29	65	29	27	15	18	59	63	18	58	68	97	13	37	98	52	13	88	11	65	81	68	10	5	61	
8	67	75	30	28	43	95	29	94	61	8	25	62	89	61	42	32	23	86	29	93	31	42	79	63	10	66	80	76	26	53	39	62	40	21	83	78	17	98	37	92	1	53	100	37	99	80	6	98	19	
44	28	16	48	63	12	98	47	19	79	85	37	59	27	25	62	48	97	40	47	26	91	20	15	41	83	78	76	78	44	63	69	29	58	9	97	37	66	52	92	4	17	53	17	73	9	80	99	20	16	
68	47	5	36	38	20	78	38	85	47	80	73	6	43	85	51	51	10	64	63	16	41	6	63	98	7	32	84	68	72	97	52	67	90	21	3	15	87	13	1	17	75	71	25	40	65	11	38	45	12	
95	99	6	77	66	23	37	48	91	82	31	5	58	58	2	41	53	40	10	48	57	3	12	60	81	35	51	59	88	26	64	97	34	38	48	72	3	85	88	53	53	71	84	31	60	26	82	13	1	30	
23	50	36	55	26	73	45	51	89	92	40	32	51	22	63	46	19	88	10	46	53	63	35	51	83	38	83	57	15	39	96	55	74	96	54	52	86	13	11	100	17	25	31	31	20	97	74	13	92	38	
35	86	2	59	28	21	65	83	80	54	62	25	11	31	77	96	49	12	25	23	64	45	52	5	95	29	77	60	75	60	95	89	20	12	35	61	48	55	65	37	73	40	60	20	62	84	19	31	36	78	
83	51	90	55	58	94	57	82	35	28	29	85	48	46	14	31	3	17	55	80	82	7	76	94	31	92	68	32	25	38	79	99	42	27	51	2	33	73	81	99	9	65	26	97	84	11	66	24	97	41	
71	76	41	99	31	7	58	79	21	50	26	81	36	8	27	82	82	36	37	8	30	18	11	6	77	3	49	56	15	6	48	8	24	39	10	12	54	97	68	80	80	11	82	74	19	66	40	98	72	65	
11	100	27	49	87	70	15	21	40	66	24	87	34	6	93	25	78	75	49	78	98	81	37	48	12	72	60	58	69	93	75	32	95	39	59	29	39	86	10	6	99	38	13	13	31	24	98	42	1	41	
25	44	11	21	6	44	98	10	52	25	100	45	63	74	7	43	35	99	61	55	49	67	61	22	40	38	5	18	37	71	79	75	7	15	42	20	51	79	5	98	20	45	1	92	36	97	72	1	51	16	
81	9	65	23	24	15	100	11	58	68	9	59	65	6	21	42	8	6	73	25	74	87	10	38	29	22	90	86	82	77	39	51	18	24	91	92	84	25	61	19	16	12	30	38	78	41	65	41	16	93	
