50
1442
96	100	32	41	27	65	6	79	26	70	43	83	80	8	80	67	72	39	83	19	94	53	29	7	7	40	96	65	10	10	56	87	69	52	47	44	73	9	13	8	4	11	93	54	63	82	34	80	52	91	
48	17	4	81	19	65	20	61	53	77	23	34	65	45	21	99	74	14	91	20	52	73	65	78	90	53	25	6	34	4	81	29	63	60	46	95	62	36	41	73	59	84	3	21	100	82	40	32	70	47	
17	88	9	19	55	86	93	13	70	87	61	72	7	89	17	72	12	35	7	98	61	99	16	57	91	74	33	95	69	77	37	16	85	17	15	75	42	90	94	72	96	7	14	74	94	23	65	100	24	53	
4	9	24	61	24	12	69	41	80	76	79	78	10	80	13	78	37	17	44	99	67	29	63	6	68	96	50	85	38	78	54	45	98	72	92	77	47	75	17	14	72	3	91	41	67	9	91	36	97	25	
81	19	61	86	19	64	79	60	95	25	67	47	5	98	24	10	55	80	37	77	68	92	56	48	28	54	31	94	30	58	100	56	69	31	86	30	19	59	70	60	9	9	94	91	64	1	80	29	14	25	
19	55	24	19	30	85	75	95	3	97	75	59	30	59	16	37	52	19	15	21	25	8	2	19	64	77	74	63	48	95	19	24	74	63	94	24	23	41	43	45	42	38	60	11	34	44	63	31	62	17	
65	86	12	64	85	30	10	36	21	66	31	47	18	94	35	38	70	70	59	87	30	81	76	29	14	86	87	85	69	41	81	97	97	13	100	69	22	84	64	87	73	21	96	62	13	58	88	91	76	93	
20	93	69	79	75	10	20	30	51	85	59	29	37	59	72	99	69	79	61	64	99	38	99	62	78	80	80	43	15	3	8	89	76	83	8	30	47	48	14	60	13	24	6	45	20	52	25	82	38	33	
61	13	41	60	95	36	30	11	35	20	92	74	76	31	31	32	38	65	8	5	45	50	47	67	60	7	6	6	22	52	63	68	41	83	20	59	59	90	70	32	75	50	75	35	95	60	100	87	35	12	
53	70	80	95	3	21	51	35	81	57	68	32	85	50	36	65	76	53	29	40	12	69	83	16	45	22	30	40	57	32	76	10	26	3	55	17	85	73	93	14	73	55	60	66	46	48	68	10	74	31	
77	87	76	25	97	66	85	20	57	15	79	69	12	80	2	22	55	5	83	2	54	58	38	94	51	36	69	84	28	29	11	11	15	45	29	51	56	13	63	22	82	1	15	65	57	19	83	99	68	31	
23	61	79	67	75	31	59	92	68	79	74	47	73	82	98	28	22	53	59	33	25	37	64	44	20	55	74	3	88	70	63	8	54	77	57	68	85	4	13	86	19	18	26	72	27	5	56	21	81	38	
34	72	78	47	59	47	29	74	32	69	47	72	21	25	57	8	71	21	100	41	98	13	85	42	20	54	4	73	38	13	12	46	84	55	94	20	5	55	20	13	36	25	36	67	4	50	83	41	55	8	
65	7	10	5	30	18	37	76	85	12	73	21	48	34	95	15	74	71	21	13	27	17	26	37	4	87	47	56	57	79	87	92	30	40	89	72	32	45	14	56	49	17	36	86	12	15	7	24	42	57	
45	89	80	98	59	94	59	31	50	80	82	25	34	77	55	70	51	99	52	70	9	59	74	93	87	72	53	22	57	22	22	13	67	97	75	98	74	12	10	100	99	79	83	3	14	86	44	47	91	47	
21	17	13	24	16	35	72	31	36	2	98	57	95	55	91	23	7	68	54	4	63	95	26	45	51	69	80	24	50	91	11	16	99	5	34	94	43	31	35	58	35	75	63	51	36	65	30	13	72	35	
99	72	78	10	37	38	99	32	65	22	28	8	15	70	23	68	57	99	49	47	15	56	81	10	24	35	17	55	5	12	69	28	81	84	34	12	36	63	84	10	91	76	93	22	28	61	18	3	27	64	
74	12	37	55	52	70	69	38	76	55	22	71	74	51	7	57	11	16	51	47	38	41	73	71	74	66	80	9	72	33	24	29	17	96	30	80	39	56	54	5	66	41	84	58	63	51	60	2	72	64	
14	35	17	80	19	70	79	65	53	5	53	21	71	99	68	99	16	22	47	39	7	55	56	1	9	44	74	34	15	57	91	93	45	91	64	53	43	18	87	65	28	99	23	20	51	77	59	21	25	17	
91	7	44	37	15	59	61	8	29	83	59	100	21	52	54	49	51	47	47	36	63	46	5	25	65	25	54	47	36	63	82	76	97	52	12	36	8	47	26	100	45	34	55	77	77	29	90	18	45	74	
20	98	99	77	21	87	64	5	40	2	33	41	13	70	4	47	47	39	36	12	83	87	23	14	79	50	84	66	72	93	32	43	97	14	77	60	32	61	25	60	71	76	6	95	52	79	68	33	15	38	
52	61	67	68	25	30	99	45	12	54	25	98	27	9	63	15	38	7	63	83	24	85	76	77	62	93	25	3	29	34	78	20	41	94	52	47	67	49	40	42	11	42	41	40	62	60	86	94	26	17	
73	99	29	92	8	81	38	50	69	58	37	13	17	59	95	56	41	55	46	87	85	56	33	69	23	62	40	17	49	42	46	66	19	49	3	67	45	21	84	98	24	53	54	17	43	11	87	75	28	5	
65	16	63	56	2	76	99	47	83	38	64	85	26	74	26	81	73	56	5	23	76	33	26	50	41	86	5	35	10	50	57	4	99	67	34	98	21	61	17	13	9	67	41	53	46	60	51	78	15	83	
78	57	6	48	19	29	62	67	16	94	44	42	37	93	45	10	71	1	25	14	77	69	50	20	37	33	81	5	99	66	11	54	77	31	60	91	6	99	61	39	47	27	59	74	75	67	35	74	59	38	
90	91	68	28	64	14	78	60	45	51	20	20	4	87	51	24	74	9	65	79	62	23	41	37	28	69	86	46	61	20	99	40	8	93	33	93	29	40	35	20	39	28	79	8	56	47	32	78	92	31	
53	74	96	54	77	86	80	7	22	36	55	54	87	72	69	35	66	44	25	50	93	62	86	33	69	45	11	86	66	93	59	29	33	67	13	67	68	65	66	13	90	91	49	90	64	35	86	32	28	62	
25	33	50	31	74	87	80	6	30	69	74	4	47	53	80	17	80	74	54	84	25	40	5	81	86	11	13	31	73	60	69	23	90	33	27	28	91	53	70	27	98	91	2	29	66	70	86	1	10	4	
6	95	85	94	63	85	43	6	40	84	3	73	56	22	24	55	9	34	47	66	3	17	35	5	46	86	31	4	71	24	84	84	6	14	47	15	67	82	97	36	14	67	21	35	21	88	97	73	55	87	
34	69	38	30	48	69	15	22	57	28	88	38	57	57	50	5	72	15	36	72	29	49	10	99	61	66	73	71	31	92	34	15	81	14	76	5	60	92	36	18	22	74	54	66	54	85	41	32	11	35	
4	77	78	58	95	41	3	52	32	29	70	13	79	22	91	12	33	57	63	93	34	42	50	66	20	93	60	24	92	26	88	4	62	72	3	75	6	70	50	32	54	9	13	54	31	19	10	24	73	84	
81	37	54	100	19	81	8	63	76	11	63	12	87	22	11	69	24	91	82	32	78	46	57	11	99	59	69	84	34	88	6	95	37	60	47	57	20	77	78	11	67	93	71	43	63	19	71	96	17	58	
29	16	45	56	24	97	89	68	10	11	8	46	92	13	16	28	29	93	76	43	20	66	4	54	40	29	23	84	15	4	95	43	62	24	71	23	82	37	9	81	53	81	42	27	72	69	75	100	35	12	
63	85	98	69	74	97	76	41	26	15	54	84	30	67	99	81	17	45	97	97	41	19	99	77	8	33	90	6	81	62	37	62	48	5	91	92	12	1	36	14	82	30	22	90	97	100	94	60	74	68	
60	17	72	31	63	13	83	83	3	45	77	55	40	97	5	84	96	91	52	14	94	49	67	31	93	67	33	14	14	72	60	24	5	66	26	34	4	95	28	97	73	31	14	82	5	98	71	89	11	88	
46	15	92	86	94	100	8	20	55	29	57	94	89	75	34	34	30	64	12	77	52	3	34	60	33	13	27	47	76	3	47	71	91	26	87	16	78	95	40	44	80	58	37	58	73	90	17	91	100	25	
95	75	77	30	24	69	30	59	17	51	68	20	72	98	94	12	80	53	36	60	47	67	98	91	93	67	28	15	5	75	57	23	92	34	16	97	51	69	57	85	68	86	43	25	13	10	28	73	30	79	
62	42	47	19	23	22	47	59	85	56	85	5	32	74	43	36	39	43	8	32	67	45	21	6	29	68	91	67	60	6	20	82	12	4	78	51	78	76	14	33	64	94	91	93	46	39	35	15	3	97	
36	90	75	59	41	84	48	90	73	13	4	55	45	12	31	63	56	18	47	61	49	21	61	99	40	65	53	82	92	70	77	37	1	95	95	69	76	93	30	67	46	87	52	63	63	29	43	28	40	4	
41	94	17	70	43	64	14	70	93	63	13	20	14	10	35	84	54	87	26	25	40	84	17	61	35	66	70	97	36	50	78	9	36	28	40	57	14	30	53	11	44	56	72	33	46	32	72	99	40	5	
73	72	14	60	45	87	60	32	14	22	86	13	56	100	58	10	5	65	100	60	42	98	13	39	20	13	27	36	18	32	11	81	14	97	44	85	33	67	11	5	63	23	55	39	23	84	67	54	6	94	
59	96	72	9	42	73	13	75	73	82	19	36	49	99	35	91	66	28	45	71	11	24	9	47	39	90	98	14	22	54	67	53	82	73	80	68	64	46	44	63	49	64	87	43	96	57	39	61	99	41	
84	7	3	9	38	21	24	50	55	1	18	25	17	79	75	76	41	99	34	76	42	53	67	27	28	91	91	67	74	9	93	81	30	31	58	86	94	87	56	23	64	11	18	60	51	69	27	64	55	25	
3	14	91	94	60	96	6	75	60	15	26	36	36	83	63	93	84	23	55	6	41	54	41	59	79	49	2	21	54	13	71	42	22	14	37	43	91	52	72	55	87	18	70	81	26	63	97	58	6	8	
21	74	41	91	11	62	45	35	66	65	72	67	86	3	51	22	58	20	77	95	40	17	53	74	8	90	29	35	66	54	43	27	90	82	58	25	93	63	33	39	43	60	81	44	98	95	31	83	25	90	
100	94	67	64	34	13	20	95	46	57	27	4	12	14	36	28	63	51	77	52	62	43	46	75	56	64	66	21	54	31	63	72	97	5	73	13	46	63	46	23	96	51	26	98	20	53	48	92	62	63	
82	23	9	1	44	58	52	60	48	19	5	50	15	86	65	61	51	77	29	79	60	11	60	67	47	35	70	88	85	19	19	69	100	98	90	10	39	29	32	84	57	69	63	95	53	71	42	42	99	52	
40	65	91	80	63	88	25	100	68	83	56	83	7	44	30	18	60	59	90	68	86	87	51	35	32	86	86	97	41	10	71	75	94	71	17	28	35	43	72	67	39	27	97	31	48	42	45	37	21	12	
32	100	36	29	31	91	82	87	10	99	21	41	24	47	13	3	2	21	18	33	94	75	78	74	78	32	1	73	32	24	96	100	60	89	91	73	15	28	99	54	61	64	58	83	92	42	37	27	83	22	
70	24	97	14	62	76	38	35	74	68	81	55	42	91	72	27	72	25	45	15	26	28	15	59	92	28	10	55	11	73	17	35	74	11	100	30	3	40	40	6	99	55	6	25	62	99	21	83	71	96	
47	53	25	25	17	93	33	12	31	31	38	8	57	47	35	64	64	17	74	38	17	5	83	38	31	62	4	87	35	84	58	12	68	88	25	79	97	4	5	94	41	25	8	90	63	52	12	22	96	57	
