50
1067
58	11	58	39	97	18	68	25	26	22	77	3	77	6	77	3	49	58	55	22	40	40	44	54	71	6	26	36	76	22	63	42	28	89	42	31	54	45	88	29	90	17	65	28	64	61	46	55	66	69	
47	10	86	59	22	8	3	1	86	90	90	72	77	16	39	52	100	30	58	65	70	76	4	8	79	42	22	48	82	48	28	16	90	84	83	77	32	49	59	98	92	84	32	37	96	10	38	40	96	72	
10	43	16	49	99	19	46	11	28	82	2	95	25	88	7	59	66	44	58	55	42	21	53	74	53	91	73	59	58	45	79	28	8	67	69	87	40	90	13	14	21	94	27	21	82	3	17	71	73	32	
86	16	37	7	87	44	33	84	35	46	82	22	62	35	37	25	80	15	73	93	40	19	61	39	33	89	83	57	85	95	72	89	28	66	24	89	9	40	6	85	90	75	21	88	97	68	62	61	22	7	
59	49	7	20	29	78	27	38	93	75	34	6	40	92	70	82	47	97	53	19	98	65	100	19	12	26	5	49	12	83	44	63	85	21	32	64	71	46	23	81	35	13	97	48	33	92	97	46	31	7	
22	99	87	29	67	47	8	28	67	17	69	15	18	25	67	63	69	44	43	28	18	86	11	3	100	9	80	73	7	51	6	43	78	88	52	31	16	62	48	61	11	16	19	79	79	73	21	68	12	42	
8	19	44	78	47	67	43	56	94	8	43	45	93	86	36	59	80	19	62	15	53	39	99	68	75	37	23	49	62	95	44	79	13	17	24	100	30	51	55	48	36	96	36	34	4	40	60	13	62	80	
3	46	33	27	8	43	99	33	1	5	60	7	86	42	50	29	55	52	26	42	88	63	75	54	44	15	28	31	9	20	80	73	100	96	32	49	96	63	65	78	94	52	57	36	17	6	94	15	11	38	
1	11	84	38	28	56	33	78	3	5	42	99	69	46	21	2	31	8	12	70	94	99	31	43	95	97	96	57	22	70	64	93	96	25	95	44	61	19	81	46	98	56	96	91	91	53	54	94	64	87	
86	28	35	93	67	94	1	3	46	41	85	1	66	28	38	70	11	43	57	25	53	10	15	63	13	5	76	98	32	50	31	77	98	99	88	62	59	36	66	79	16	29	30	1	41	13	18	62	72	81	
90	82	46	75	17	8	5	5	41	89	64	98	67	10	38	23	76	15	92	4	66	43	77	99	30	59	43	100	92	82	62	64	28	8	1	33	83	66	42	94	72	12	20	45	63	26	70	82	98	30	
90	2	82	34	69	43	60	42	85	64	86	54	86	46	82	33	12	10	52	93	42	84	88	55	52	4	31	66	39	35	27	37	93	16	78	11	48	7	3	60	50	73	32	99	43	55	9	98	55	6	
72	95	22	6	15	45	7	99	1	98	54	81	28	27	70	99	41	35	69	49	21	98	19	38	71	15	45	15	14	22	30	26	13	27	6	27	63	20	39	30	64	53	47	86	3	4	67	48	52	90	
77	25	62	40	18	93	86	69	66	67	86	28	95	32	40	72	7	81	15	83	87	81	18	52	21	99	79	46	65	42	6	25	96	1	13	81	88	42	56	44	95	88	55	81	66	20	84	3	24	35	
16	88	35	92	25	86	42	46	28	10	46	27	32	48	81	64	66	98	58	27	8	83	24	96	2	54	60	90	81	16	48	87	54	86	65	79	41	8	99	46	9	57	27	47	71	69	43	33	69	42	
39	7	37	70	67	36	50	21	38	38	82	70	40	81	88	72	79	1	33	24	58	15	90	63	87	90	31	27	44	62	71	3	23	59	78	7	1	12	97	25	45	94	54	52	10	85	63	27	61	55	
52	59	25	82	63	59	29	2	70	23	33	99	72	64	72	92	30	79	45	44	87	51	76	32	64	6	89	64	8	80	17	31	12	1	44	17	40	8	72	62	84	50	54	20	29	11	87	41	2	11	
100	66	80	47	69	80	55	31	11	76	12	41	7	66	79	30	64	82	51	44	50	18	52	61	24	82	45	100	69	87	16	49	78	69	37	13	90	22	83	81	20	91	46	35	12	18	24	39	68	6	
30	44	15	97	44	19	52	8	43	15	10	35	81	98	1	79	82	23	85	58	53	83	78	3	16	19	4	68	97	34	19	87	76	35	88	28	29	57	43	56	45	17	19	61	35	19	80	82	47	65	
58	58	73	53	43	62	26	12	57	92	52	69	15	58	33	45	51	85	88	72	87	2	48	94	84	8	81	12	98	76	56	75	38	65	66	78	33	38	65	4	94	32	88	79	39	21	47	88	64	100	
65	55	93	19	28	15	42	70	25	4	93	49	83	27	24	44	44	58	72	63	34	77	21	100	51	62	65	1	100	79	58	74	71	46	69	95	24	13	1	81	28	42	11	77	52	46	88	80	80	38	
70	42	40	98	18	53	88	94	53	66	42	21	87	8	58	87	50	53	87	34	74	6	78	31	34	57	43	74	21	10	81	81	81	15	54	62	97	11	72	16	62	29	100	14	8	88	36	95	50	7	
76	21	19	65	86	39	63	99	10	43	84	98	81	83	15	51	18	83	2	77	6	94	42	67	20	32	70	82	22	24	50	37	36	61	31	46	25	19	68	40	29	83	17	28	75	2	11	37	32	23	
4	53	61	100	11	99	75	31	15	77	88	19	18	24	90	76	52	78	48	21	78	42	72	95	65	69	57	55	55	54	40	31	36	42	16	61	42	88	41	42	65	19	10	97	11	23	14	74	83	77	
8	74	39	19	3	68	54	43	63	99	55	38	52	96	63	32	61	3	94	100	31	67	95	82	92	79	2	41	60	62	82	60	16	46	58	5	82	43	81	12	66	49	43	73	86	53	94	17	51	1	
79	53	33	12	100	75	44	95	13	30	52	71	21	2	87	64	24	16	84	51	34	20	65	92	55	39	82	97	65	97	84	76	61	36	12	3	28	65	86	64	13	35	31	33	97	24	87	88	63	11	
42	91	89	26	9	37	15	97	5	59	4	15	99	54	90	6	82	19	8	62	57	32	69	79	39	37	37	18	51	9	94	6	92	93	32	61	72	26	36	36	80	87	47	4	27	98	78	58	5	99	
22	73	83	5	80	23	28	96	76	43	31	45	79	60	31	89	45	4	81	65	43	70	57	2	82	37	37	50	56	36	7	59	32	38	27	66	41	57	100	33	73	12	24	63	58	100	25	39	74	17	
48	59	57	49	73	49	31	57	98	100	66	15	46	90	27	64	100	68	12	1	74	82	55	41	97	18	50	36	4	32	77	76	69	16	8	23	87	82	46	34	96	39	67	98	54	71	58	48	29	86	
82	58	85	12	7	62	9	22	32	92	39	14	65	81	44	8	69	97	98	100	21	22	55	60	65	51	56	4	35	88	74	33	92	42	100	53	72	60	88	90	4	11	2	25	37	62	24	39	12	29	
48	45	95	83	51	95	20	70	50	82	35	22	42	16	62	80	87	34	76	79	10	24	54	62	97	9	36	32	88	84	33	54	57	33	5	61	79	43	57	79	73	5	23	45	47	24	18	6	14	2	
28	79	72	44	6	44	80	64	31	62	27	30	6	48	71	17	16	19	56	58	81	50	40	82	84	94	7	77	74	33	75	98	30	55	91	94	33	7	48	14	23	44	42	37	48	44	56	83	14	11	
16	28	89	63	43	79	73	93	77	64	37	26	25	87	3	31	49	87	75	74	81	37	31	60	76	6	59	76	33	54	98	26	79	36	65	8	71	8	35	25	59	50	98	13	47	21	95	30	59	1	
90	8	28	85	78	13	100	96	98	28	93	13	96	54	23	12	78	76	38	71	81	36	36	16	61	92	32	69	92	57	30	79	12	77	98	49	14	87	11	40	74	43	6	74	50	97	61	41	73	31	
84	67	66	21	88	17	96	25	99	8	16	27	1	86	59	1	69	35	65	46	15	61	42	46	36	93	38	16	42	33	55	36	77	86	83	30	10	24	88	85	33	71	58	22	24	76	98	24	45	95	
83	69	24	32	52	24	32	95	88	1	78	6	13	65	78	44	37	88	66	69	54	31	16	58	12	32	27	8	100	5	91	65	98	83	70	28	17	52	69	44	30	72	91	20	41	17	97	46	96	34	
77	87	89	64	31	100	49	44	62	33	11	27	81	79	7	17	13	28	78	95	62	46	61	5	3	61	66	23	53	61	94	8	49	30	28	72	59	41	4	68	83	34	26	20	25	55	35	80	45	21	
32	40	9	71	16	30	96	61	59	83	48	63	88	41	1	40	90	29	33	24	97	25	42	82	28	72	41	87	72	79	33	71	14	10	17	59	77	28	79	100	61	3	47	58	75	45	97	21	34	51	
49	90	40	46	62	51	63	19	36	66	7	20	42	8	12	8	22	57	38	13	11	19	88	43	65	26	57	82	60	43	7	8	87	24	52	41	28	95	50	97	30	100	78	35	30	7	41	20	81	27	
59	13	6	23	48	55	65	81	66	42	3	39	56	99	97	72	83	43	65	1	72	68	41	81	86	36	100	46	88	57	48	35	11	88	69	4	79	50	34	42	21	48	30	28	79	89	83	19	44	49	
98	14	85	81	61	48	78	46	79	94	60	30	44	46	25	62	81	56	4	81	16	40	42	12	64	36	33	34	90	79	14	25	40	85	44	68	100	97	42	79	14	19	75	35	63	55	15	5	41	86	
92	21	90	35	11	36	94	98	16	72	50	64	95	9	45	84	20	45	94	28	62	29	65	66	13	80	73	96	4	73	23	59	74	33	30	83	61	30	21	14	97	52	36	89	95	16	83	31	57	52	
84	94	75	13	16	96	52	56	29	12	73	53	88	57	94	50	91	17	32	42	29	83	19	49	35	87	12	39	11	5	44	50	43	71	72	34	3	100	48	19	52	50	1	22	57	92	46	90	17	14	
32	27	21	97	19	36	57	96	30	20	32	47	55	27	54	54	46	19	88	11	100	17	10	43	31	47	24	67	2	23	42	98	6	58	91	26	47	78	30	75	36	1	73	16	33	73	52	2	33	3	
37	21	88	48	79	34	36	91	1	45	99	86	81	47	52	20	35	61	79	77	14	28	97	73	33	4	63	98	25	45	37	13	74	22	20	20	58	35	28	35	89	22	16	97	18	38	64	31	31	39	
96	82	97	33	79	4	17	91	41	63	43	3	66	71	10	29	12	35	39	52	8	75	11	86	97	27	58	54	37	47	48	47	50	24	41	25	75	30	79	63	95	57	33	18	65	15	53	56	96	18	
10	3	68	92	73	40	6	53	13	26	55	4	20	69	85	11	18	19	21	46	88	2	23	53	24	98	100	71	62	24	44	21	97	76	17	55	45	7	89	55	16	92	73	38	15	7	37	86	61	38	
38	17	62	97	21	60	94	54	18	70	9	67	84	43	63	87	24	80	47	88	36	11	14	94	87	78	25	58	24	18	56	95	61	98	97	35	97	41	83	15	83	46	52	64	53	37	74	5	55	22	
40	71	61	46	68	13	15	94	62	82	98	48	3	33	27	41	39	82	88	80	95	37	74	17	88	58	39	48	39	6	83	30	41	24	46	80	21	20	19	5	31	90	2	31	56	86	5	26	12	36	
96	73	22	31	12	62	11	64	72	98	55	52	24	69	61	2	68	47	64	80	50	32	83	51	63	5	74	29	12	14	14	59	73	45	96	45	34	81	44	41	57	17	33	31	96	61	55	12	49	97	
72	32	7	7	42	80	38	87	81	30	6	90	35	42	55	11	6	65	100	38	7	23	77	1	11	99	17	86	29	2	11	1	31	95	34	21	51	27	49	86	52	14	3	39	18	38	22	36	97	31	
