50
1287
45	50	54	68	21	99	24	57	97	23	3	21	39	63	97	54	58	19	70	23	53	71	23	65	76	26	62	55	65	14	80	64	20	43	57	2	99	35	4	83	56	60	33	66	37	84	72	28	15	62	
35	91	30	57	25	20	57	58	2	96	26	52	70	39	17	2	72	32	98	65	76	58	1	48	81	50	42	14	21	33	18	97	77	75	40	36	34	69	49	2	44	75	36	81	23	25	65	98	27	38	
91	35	23	46	82	97	64	77	23	10	26	75	79	5	55	9	8	84	30	96	46	100	3	68	53	2	63	75	12	54	81	45	41	14	100	45	31	96	50	9	94	13	57	48	76	88	79	49	50	15	
30	23	89	62	57	44	100	43	30	88	97	31	90	95	96	55	60	65	85	99	42	64	24	62	92	12	32	15	82	2	4	57	31	42	18	36	3	18	7	89	95	35	48	15	1	99	51	21	58	16	
57	46	62	49	63	27	74	56	48	89	10	87	35	35	100	14	96	5	84	25	46	82	78	32	36	51	74	80	20	19	76	27	68	72	38	67	44	43	27	75	31	1	33	45	22	21	61	32	15	100	
25	82	57	63	87	54	59	32	38	78	93	85	6	74	28	37	63	46	57	30	21	75	19	61	48	41	45	25	70	24	93	72	71	53	86	1	94	44	48	74	47	35	75	10	83	90	60	79	3	26	
20	97	44	27	54	10	59	76	33	83	41	37	14	63	15	28	13	83	37	14	73	83	68	42	54	79	57	56	1	59	20	17	35	45	17	76	14	47	56	84	90	77	87	57	89	11	58	34	56	61	
57	64	100	74	59	59	12	50	65	15	70	32	78	28	99	75	99	3	88	14	22	85	72	43	47	97	25	5	3	74	60	55	19	49	78	96	71	49	36	5	71	24	95	95	49	9	18	61	40	67	
58	77	43	56	32	76	50	68	60	62	52	10	69	32	42	85	96	11	35	46	3	50	99	82	7	97	21	47	75	27	70	1	85	63	10	11	19	17	40	45	71	22	20	49	82	74	48	37	18	4	
2	23	30	48	38	33	65	60	80	69	50	40	62	31	52	99	88	66	9	90	93	56	67	42	77	78	38	66	72	71	37	94	60	12	7	24	39	24	17	33	52	43	85	69	72	71	9	3	20	3	
96	10	88	89	78	83	15	62	69	73	59	64	46	46	48	1	90	28	89	77	6	84	52	17	35	95	52	28	3	93	68	74	33	24	4	2	77	3	50	52	64	84	27	15	85	63	16	35	78	71	
26	26	97	10	93	41	70	52	50	59	7	29	92	28	87	40	62	27	5	37	72	65	24	62	77	33	44	55	82	68	97	20	10	88	75	24	37	67	67	70	49	29	75	1	2	29	5	46	80	31	
52	75	31	87	85	37	32	10	40	64	29	68	90	52	18	93	51	4	11	42	20	45	48	34	73	7	18	62	62	24	75	62	66	44	84	92	2	15	6	7	32	79	96	88	30	25	100	100	68	48	
70	79	90	35	6	14	78	69	62	46	92	90	33	96	89	85	78	37	56	27	66	63	52	51	50	59	6	97	100	25	76	72	10	100	42	53	37	28	47	12	50	1	56	15	79	41	9	53	73	94	
39	5	95	35	74	63	28	32	31	46	28	52	96	71	29	89	10	82	53	8	34	74	15	71	79	60	22	40	80	85	43	23	55	2	53	93	96	33	19	15	73	7	42	86	86	40	91	68	77	75	
17	55	96	100	28	15	99	42	52	48	87	18	89	29	40	92	61	59	71	26	53	9	75	75	68	54	51	38	54	94	2	34	14	13	54	21	54	97	53	64	47	15	79	27	33	51	7	48	40	77	
2	9	55	14	37	28	75	85	99	1	40	93	85	89	92	16	57	54	23	95	82	8	16	59	33	72	57	91	97	29	61	82	78	94	50	41	40	76	87	62	84	100	52	55	53	95	39	32	40	21	
72	8	60	96	63	13	99	96	88	90	62	51	78	10	61	57	78	4	95	26	4	64	14	32	54	5	30	70	14	47	66	66	54	15	65	36	32	43	62	85	77	75	34	54	16	30	52	5	82	97	
32	84	65	5	46	83	3	11	66	28	27	4	37	82	59	54	4	84	7	49	41	42	23	12	100	33	45	55	65	54	72	46	46	7	70	14	74	32	58	11	20	16	19	38	35	39	56	82	18	69	
98	30	85	84	57	37	88	35	9	89	5	11	56	53	71	23	95	7	48	88	81	5	9	17	25	28	52	55	97	26	31	72	69	6	46	29	85	61	52	71	39	41	4	60	64	62	100	93	85	32	
65	96	99	25	30	14	14	46	90	77	37	42	27	8	26	95	26	49	88	86	18	4	32	92	86	98	17	42	86	11	26	17	14	70	17	89	3	76	58	72	80	65	58	75	47	73	73	36	13	47	
76	46	42	46	21	73	22	3	93	6	72	20	66	34	53	82	4	41	81	18	78	3	95	26	95	72	8	70	66	66	50	30	71	4	6	48	91	7	79	44	93	29	82	27	5	14	100	13	36	68	
58	100	64	82	75	83	85	50	56	84	65	45	63	74	9	8	64	42	5	4	3	35	67	37	3	85	75	93	60	27	44	79	89	64	65	13	10	63	56	6	56	45	83	78	48	11	89	89	20	13	
1	3	24	78	19	68	72	99	67	52	24	48	52	15	75	16	14	23	9	32	95	67	72	62	17	9	2	86	90	3	21	25	26	99	84	85	80	74	18	88	51	37	7	25	19	20	12	78	58	81	
48	68	62	32	61	42	43	82	42	17	62	34	51	71	75	59	32	12	17	92	26	37	62	64	34	53	6	16	72	61	19	14	76	97	42	86	22	70	51	72	73	99	39	7	10	59	9	95	24	14	
81	53	92	36	48	54	47	7	77	35	77	73	50	79	68	33	54	100	25	86	95	3	17	34	50	32	32	43	84	34	55	67	44	78	69	80	33	52	31	58	90	83	99	44	85	70	36	18	36	66	
50	2	12	51	41	79	97	97	78	95	33	7	59	60	54	72	5	33	28	98	72	85	9	53	32	68	15	46	88	54	79	72	53	19	38	61	8	34	89	69	1	78	13	24	71	19	9	22	94	62	
42	63	32	74	45	57	25	21	38	52	44	18	6	22	51	57	30	45	52	17	8	75	2	6	32	15	43	43	80	73	99	10	92	83	33	93	96	99	2	69	84	2	19	35	48	49	2	78	61	82	
14	75	15	80	25	56	5	47	66	28	55	62	97	40	38	91	70	55	55	42	70	93	86	16	43	46	43	38	49	12	97	9	25	53	79	14	23	63	86	78	83	80	78	75	24	43	15	50	38	72	
21	12	82	20	70	1	3	75	72	3	82	62	100	80	54	97	14	65	97	86	66	60	90	72	84	88	80	49	7	21	81	69	11	32	64	65	49	95	71	22	30	53	48	62	45	67	63	70	46	12	
33	54	2	19	24	59	74	27	71	93	68	24	25	85	94	29	47	54	26	11	66	27	3	61	34	54	73	12	21	39	32	24	99	92	52	82	87	6	36	84	83	29	39	54	31	86	23	34	24	2	
18	81	4	76	93	20	60	70	37	68	97	75	76	43	2	61	66	72	31	26	50	44	21	19	55	79	99	97	81	32	51	37	82	73	48	97	83	51	75	69	57	41	60	19	95	12	51	35	33	57	
97	45	57	27	72	17	55	1	94	74	20	62	72	23	34	82	66	46	72	17	30	79	25	14	67	72	10	9	69	24	37	67	100	78	94	55	30	80	18	67	92	4	71	45	99	39	13	33	48	36	
77	41	31	68	71	35	19	85	60	33	10	66	10	55	14	78	54	46	69	14	71	89	26	76	44	53	92	25	11	99	82	100	70	13	16	42	29	1	81	98	15	5	76	7	1	31	19	93	8	31	
75	14	42	72	53	45	49	63	12	24	88	44	100	2	13	94	15	7	6	70	4	64	99	97	78	19	83	53	32	92	73	78	13	50	33	71	21	58	45	8	88	5	20	62	38	39	76	94	33	47	
40	100	18	38	86	17	78	10	7	4	75	84	42	53	54	50	65	70	46	17	6	65	84	42	69	38	33	79	64	52	48	94	16	33	23	93	51	96	67	87	27	54	92	8	80	59	46	5	18	62	
36	45	36	67	1	76	96	11	24	2	24	92	53	93	21	41	36	14	29	89	48	13	85	86	80	61	93	14	65	82	97	55	42	71	93	53	96	44	45	63	8	64	6	51	41	4	38	40	45	41	
34	31	3	44	94	14	71	19	39	77	37	2	37	96	54	40	32	74	85	3	91	10	80	22	33	8	96	23	49	87	83	30	29	21	51	96	57	22	31	27	44	5	25	19	61	29	85	34	78	67	
69	96	18	43	44	47	49	17	24	3	67	15	28	33	97	76	43	32	61	76	7	63	74	70	52	34	99	63	95	6	51	80	1	58	96	44	22	43	44	27	50	47	38	38	92	97	43	29	28	27	
49	50	7	27	48	56	36	40	17	50	67	6	47	19	53	87	62	58	52	58	79	56	18	51	31	89	2	86	71	36	75	18	81	45	67	45	31	44	24	5	57	81	16	61	56	96	12	98	38	85	
2	9	89	75	74	84	5	45	33	52	70	7	12	15	64	62	85	11	71	72	44	6	88	72	58	69	69	78	22	84	69	67	98	8	87	63	27	27	5	53	4	63	39	89	71	63	93	59	100	42	
44	94	95	31	47	90	71	71	52	64	49	32	50	73	47	84	77	20	39	80	93	56	51	73	90	1	84	83	30	83	57	92	15	88	27	8	44	50	57	4	6	33	19	26	71	49	48	27	39	38	
75	13	35	1	35	77	24	22	43	84	29	79	1	7	15	100	75	16	41	65	29	45	37	99	83	78	2	80	53	29	41	4	5	5	54	64	5	47	81	63	33	39	70	83	95	46	52	46	80	15	
36	57	48	33	75	87	95	20	85	27	75	96	56	42	79	52	34	19	4	58	82	83	7	39	99	13	19	78	48	39	60	71	76	20	92	6	25	38	16	39	19	70	51	81	22	37	36	99	95	97	
81	48	15	45	10	57	95	49	69	15	1	88	15	86	27	55	54	38	60	75	27	78	25	7	44	24	35	75	62	54	19	45	7	62	8	51	19	38	61	89	26	83	81	89	52	83	91	75	80	56	
23	76	1	22	83	89	49	82	72	85	2	30	79	86	33	53	16	35	64	47	5	48	19	10	85	71	48	24	45	31	95	99	1	38	80	41	61	92	56	71	71	95	22	52	76	10	73	64	91	80	
25	88	99	21	90	11	9	74	71	63	29	25	41	40	51	95	30	39	62	73	14	11	20	59	70	19	49	43	67	86	12	39	31	39	59	4	29	97	96	63	49	46	37	83	10	100	44	76	4	50	
65	79	51	61	60	58	18	48	9	16	5	100	9	91	7	39	52	56	100	73	100	89	12	9	36	9	2	15	63	23	51	13	19	76	46	38	85	43	12	93	48	52	36	91	73	44	91	85	74	58	
98	49	21	32	79	34	61	37	3	35	46	100	53	68	48	32	5	82	93	36	13	89	78	95	18	22	78	50	70	34	35	33	93	94	5	40	34	29	98	59	27	46	99	75	64	76	85	2	63	49	
27	50	58	15	3	56	40	18	20	78	80	68	73	77	40	40	82	18	85	13	36	20	58	24	36	94	61	38	46	24	33	48	8	33	18	45	78	28	38	100	39	80	95	80	91	4	74	63	70	67	
38	15	16	100	26	61	67	4	3	71	31	48	94	75	77	21	97	69	32	47	68	13	81	14	66	62	82	72	12	2	57	36	31	47	62	41	67	27	85	42	38	15	97	56	80	50	58	49	67	27	
