50
1178
27	36	34	11	50	28	14	64	54	35	63	25	86	24	16	8	65	67	30	95	21	6	91	81	53	88	93	75	35	51	37	92	25	53	56	95	76	30	63	78	4	80	82	84	91	91	53	43	63	60	
64	64	23	67	85	11	78	17	63	31	48	49	3	14	84	88	41	44	29	98	1	25	55	10	62	51	24	45	56	5	41	53	92	35	18	22	27	57	15	34	97	80	2	55	10	88	7	69	52	94	
64	62	61	76	44	56	47	58	23	56	97	70	95	59	97	8	85	20	55	22	52	79	21	52	77	46	11	72	86	55	47	33	28	3	95	19	36	10	86	40	29	36	91	89	69	55	94	77	8	19	
23	61	27	71	94	99	99	2	19	66	62	71	98	81	29	56	58	21	72	64	74	86	41	45	9	80	42	13	11	29	14	8	38	20	86	97	53	93	89	36	88	11	85	70	2	15	97	96	43	52	
67	76	71	86	31	72	90	90	89	84	56	36	27	8	78	16	43	32	59	73	97	70	28	38	62	39	73	33	55	60	49	73	86	56	14	48	41	50	15	53	6	57	75	20	56	33	88	44	86	43	
85	44	94	31	56	44	35	30	69	17	66	22	20	37	30	27	37	33	52	59	25	4	35	22	95	37	7	89	91	37	51	62	71	100	69	60	80	4	13	92	7	20	24	81	28	4	72	64	60	8	
11	56	99	72	44	40	24	25	29	8	5	55	39	72	50	90	26	52	7	76	77	53	84	93	36	46	96	94	19	29	1	55	48	97	26	62	35	10	14	12	14	33	8	42	34	32	33	10	20	29	
78	47	99	90	35	24	2	15	95	100	63	3	13	43	16	85	65	40	9	22	65	67	21	94	71	86	80	84	69	93	99	12	55	94	26	20	27	42	51	88	44	92	75	53	17	44	42	35	59	88	
17	58	2	90	30	25	15	84	24	65	7	59	67	82	15	19	54	94	28	21	44	97	28	47	68	54	53	77	70	49	27	2	52	43	87	67	8	35	7	64	56	33	30	19	60	95	90	44	43	96	
63	23	19	89	69	29	95	24	45	65	68	76	96	11	36	100	85	47	90	87	31	85	56	89	32	75	95	3	17	86	26	95	74	47	37	90	38	95	6	26	61	90	70	81	30	92	63	86	89	41	
31	56	66	84	17	8	100	65	65	27	48	94	53	60	19	100	54	44	55	93	86	11	92	19	36	50	47	53	58	26	26	37	76	39	23	46	70	22	12	49	46	85	68	40	16	22	11	64	98	76	
48	97	62	56	66	5	63	7	68	48	45	65	8	57	43	5	21	42	42	45	1	20	89	8	8	14	80	93	51	66	14	10	74	24	45	83	82	26	85	15	70	49	37	51	86	27	18	61	7	71	
49	70	71	36	22	55	3	59	76	94	65	86	75	15	88	5	40	59	26	21	40	58	3	74	49	15	51	60	90	80	45	28	23	56	43	75	76	66	12	21	37	13	82	79	86	61	35	58	3	53	
3	95	98	27	20	39	13	67	96	53	8	75	74	49	25	71	22	60	91	51	97	22	37	19	88	27	56	6	57	91	72	86	91	87	92	57	25	17	91	67	97	26	23	92	37	40	63	87	36	70	
14	59	81	8	37	72	43	82	11	60	57	15	49	46	79	19	4	4	3	7	53	91	73	44	17	26	32	95	46	67	40	41	72	30	62	22	20	15	13	82	47	20	74	39	80	98	27	4	98	69	
84	97	29	78	30	50	16	15	36	19	43	88	25	79	90	33	12	48	49	80	84	2	63	80	66	33	58	2	93	25	30	90	56	8	79	79	32	93	24	80	5	37	80	2	69	24	76	74	81	98	
88	8	56	16	27	90	85	19	100	100	5	5	71	19	33	87	75	51	37	19	74	64	21	12	69	4	30	48	97	86	28	96	62	97	93	41	9	22	87	61	47	89	24	83	26	61	9	5	23	34	
41	85	58	43	37	26	65	54	85	54	21	40	22	4	12	75	45	23	40	42	62	89	7	91	30	91	23	26	36	62	13	92	47	44	68	51	57	53	51	96	69	94	73	92	42	73	86	64	21	37	
44	20	21	32	33	52	40	94	47	44	42	59	60	4	48	51	23	31	89	98	73	60	11	47	3	50	69	53	78	35	10	50	15	61	20	38	95	66	75	32	94	13	63	64	60	3	88	2	36	67	
29	55	72	59	52	7	9	28	90	55	42	26	91	3	49	37	40	89	71	57	27	28	72	77	92	38	85	88	30	30	4	1	13	8	33	19	94	91	67	53	65	84	37	86	96	59	32	66	24	41	
98	22	64	73	59	76	22	21	87	93	45	21	51	7	80	19	42	98	57	54	95	67	81	91	8	31	94	11	72	23	65	74	62	63	48	14	27	91	15	53	92	79	79	54	49	98	9	89	81	85	
1	52	74	97	25	77	65	44	31	86	1	40	97	53	84	74	62	73	27	95	91	33	82	52	32	51	39	49	51	69	82	31	8	27	63	96	83	91	57	42	69	4	32	18	88	8	51	84	56	53	
25	79	86	70	4	53	67	97	85	11	20	58	22	91	2	64	89	60	28	67	33	60	10	88	51	55	92	63	43	57	83	88	10	36	62	100	41	29	93	67	85	21	100	18	30	99	15	17	63	17	
55	21	41	28	35	84	21	28	56	92	89	3	37	73	63	21	7	11	72	81	82	10	72	13	30	67	89	93	12	19	97	72	98	50	28	42	68	41	93	57	97	1	82	1	26	59	77	18	22	7	
10	52	45	38	22	93	94	47	89	19	8	74	19	44	80	12	91	47	77	91	52	88	13	86	53	22	84	12	4	58	99	73	38	19	7	93	99	13	56	48	28	44	53	46	13	81	22	6	51	77	
62	77	9	62	95	36	71	68	32	36	8	49	88	17	66	69	30	3	92	8	32	51	30	53	79	46	96	16	80	38	43	94	46	10	72	98	96	71	27	86	1	18	79	16	9	22	41	84	77	17	
51	46	80	39	37	46	86	54	75	50	14	15	27	26	33	4	91	50	38	31	51	55	67	22	46	90	69	24	34	16	18	63	51	94	87	75	25	74	57	71	4	75	48	93	55	32	67	10	52	30	
24	11	42	73	7	96	80	53	95	47	80	51	56	32	58	30	23	69	85	94	39	92	89	84	96	69	69	86	67	81	38	58	68	38	27	53	45	94	87	6	47	63	48	33	67	22	33	28	33	97	
45	72	13	33	89	94	84	77	3	53	93	60	6	95	2	48	26	53	88	11	49	63	93	12	16	24	86	23	75	7	38	9	27	97	76	89	59	18	5	58	44	77	11	89	96	39	28	15	62	85	
56	86	11	55	91	19	69	70	17	58	51	90	57	46	93	97	36	78	30	72	51	43	12	4	80	34	67	75	60	33	21	71	96	56	56	8	95	45	17	17	84	17	66	68	75	59	35	26	95	21	
5	55	29	60	37	29	93	49	86	26	66	80	91	67	25	86	62	35	30	23	69	57	19	58	38	16	81	7	33	23	5	52	78	45	30	51	24	90	21	96	17	15	13	27	38	35	81	68	11	12	
41	47	14	49	51	1	99	27	26	26	14	45	72	40	30	28	13	10	4	65	82	83	97	99	43	18	38	38	21	5	41	42	77	83	50	99	11	85	80	43	31	13	60	48	6	87	19	1	95	24	
53	33	8	73	62	55	12	2	95	37	10	28	86	41	90	96	92	50	1	74	31	88	72	73	94	63	58	9	71	52	42	96	4	99	87	62	17	69	98	58	39	49	83	11	50	50	6	17	82	68	
92	28	38	86	71	48	55	52	74	76	74	23	91	72	56	62	47	15	13	62	8	10	98	38	46	51	68	27	96	78	77	4	47	63	69	36	16	92	71	65	32	99	58	69	94	16	72	74	36	10	
35	3	20	56	100	97	94	43	47	39	24	56	87	30	8	97	44	61	8	63	27	36	50	19	10	94	38	97	56	45	83	99	63	85	91	67	39	70	79	62	25	75	2	6	8	83	19	100	99	77	
18	95	86	14	69	26	26	87	37	23	45	43	92	62	79	93	68	20	33	48	63	62	28	7	72	87	27	76	56	30	50	87	69	91	49	64	23	33	32	58	62	100	84	63	47	81	49	91	64	93	
22	19	97	48	60	62	20	67	90	46	83	75	57	22	79	41	51	38	19	14	96	100	42	93	98	75	53	89	8	51	99	62	36	67	64	25	85	26	39	41	2	57	26	43	35	17	76	36	94	94	
27	36	53	41	80	35	27	8	38	70	82	76	25	20	32	9	57	95	94	27	83	41	68	99	96	25	45	59	95	24	11	17	16	39	23	85	1	62	6	79	14	44	80	100	35	66	41	32	3	21	
57	10	93	50	4	10	42	35	95	22	26	66	17	15	93	22	53	66	91	91	91	29	41	13	71	74	94	18	45	90	85	69	92	70	33	26	62	84	50	53	57	81	93	93	72	8	1	94	38	77	
15	86	89	15	13	14	51	7	6	12	85	12	91	13	24	87	51	75	67	15	57	93	93	56	27	57	87	5	17	21	80	98	71	79	32	39	6	50	68	31	17	94	60	71	8	79	68	2	15	83	
34	40	36	53	92	12	88	64	26	49	15	21	67	82	80	61	96	32	53	53	42	67	57	48	86	71	6	58	17	96	43	58	65	62	58	41	79	53	31	97	71	58	52	61	69	76	83	21	7	49	
97	29	88	6	7	14	44	56	61	46	70	37	97	47	5	47	69	94	65	92	69	85	97	28	1	4	47	44	84	17	31	39	32	25	62	2	14	57	17	71	13	78	6	44	50	61	85	88	60	33	
80	36	11	57	20	33	92	33	90	85	49	13	26	20	37	89	94	13	84	79	4	21	1	44	18	75	63	77	17	15	13	49	99	75	100	57	44	81	94	58	78	48	2	77	11	65	33	21	14	3	
2	91	85	75	24	8	75	30	70	68	37	82	23	74	80	24	73	63	37	79	32	100	82	53	79	48	48	11	66	13	60	83	58	2	84	26	80	93	60	52	6	2	38	4	33	13	41	64	96	45	
55	89	70	20	81	42	53	19	81	40	51	79	92	39	2	83	92	64	86	54	18	18	1	46	16	93	33	89	68	27	48	11	69	6	63	43	100	93	71	61	44	77	4	63	52	2	47	23	74	6	
10	69	2	56	28	34	17	60	30	16	86	86	37	80	69	26	42	60	96	49	88	30	26	13	9	55	67	96	75	38	6	50	94	8	47	35	35	72	8	69	50	11	33	52	30	50	73	36	1	53	
88	55	15	33	4	32	44	95	92	22	27	61	40	98	24	61	73	3	59	98	8	99	59	81	22	32	22	39	59	35	87	50	16	83	81	17	66	8	79	76	61	65	13	2	50	97	12	16	77	96	
7	94	97	88	72	33	42	90	63	11	18	35	63	27	76	9	86	88	32	9	51	15	77	22	41	67	33	28	35	81	19	6	72	19	49	76	41	1	68	83	85	33	41	47	73	12	37	1	23	70	
69	77	96	44	64	10	35	44	86	64	61	58	87	4	74	5	64	2	66	89	84	17	18	6	84	10	28	15	26	68	1	17	74	100	91	36	32	94	2	21	88	21	64	23	36	16	1	38	12	38	
52	8	43	86	60	20	59	43	89	98	7	3	36	98	81	23	21	36	24	81	56	63	22	51	77	52	33	62	95	11	95	82	36	99	64	94	3	38	15	7	60	14	96	74	1	77	23	12	9	66	
94	19	52	43	8	29	88	96	41	76	71	53	70	69	98	34	37	67	41	85	53	17	7	77	17	30	97	85	21	12	24	68	10	77	93	94	21	77	83	49	33	3	45	6	53	96	70	38	66	16	
