50
1067
11	48	99	23	67	37	33	81	48	37	24	24	7	91	9	69	74	60	8	81	80	91	90	64	79	54	12	28	21	99	59	98	2	34	47	92	1	95	58	16	77	58	53	62	94	60	11	15	7	74	
53	58	58	32	7	7	99	68	16	42	15	39	64	74	98	27	28	48	81	27	4	5	18	7	7	76	45	5	63	37	79	26	5	8	84	13	7	60	23	94	43	3	88	96	48	15	54	83	83	92	
58	22	57	76	65	36	40	35	92	88	26	71	8	64	90	51	67	58	53	5	28	29	27	27	1	25	70	85	43	90	27	17	93	1	20	67	61	47	95	10	50	98	79	47	14	32	51	13	13	9	
58	57	48	91	95	19	42	14	26	98	78	34	3	89	79	78	33	82	44	10	50	3	46	92	44	12	18	58	70	93	81	4	60	47	1	84	46	8	76	31	2	56	96	8	77	66	55	79	19	21	
32	76	91	26	63	49	35	9	19	99	72	72	46	5	45	58	31	14	97	62	50	44	44	100	100	37	79	86	67	38	4	12	32	51	34	65	64	80	20	85	89	45	98	14	69	54	68	58	50	81	
7	65	95	63	9	10	27	73	64	49	86	24	66	64	94	54	66	82	65	45	13	24	56	13	94	15	43	56	84	83	21	97	95	17	15	37	2	54	45	9	4	90	6	73	29	82	63	82	89	14	
7	36	19	49	10	58	50	4	33	77	12	48	90	89	12	83	37	65	8	42	90	32	24	20	92	64	87	62	7	55	40	21	46	9	20	21	60	93	93	38	29	68	17	23	13	93	33	80	61	73	
99	40	42	35	27	50	76	22	25	98	10	30	93	35	1	16	90	54	4	63	79	62	21	37	65	79	42	66	49	33	17	64	93	95	5	85	37	78	53	62	72	14	17	32	59	59	54	93	11	44	
68	35	14	9	73	4	22	6	89	68	15	95	19	65	77	42	47	17	33	3	8	77	72	81	34	23	59	10	44	74	80	78	55	6	41	11	95	57	74	89	32	39	35	21	52	93	35	18	88	39	
16	92	26	19	64	33	25	89	56	74	96	25	95	25	79	74	60	94	51	59	69	20	21	99	93	47	82	94	54	56	10	96	79	42	38	52	46	100	6	7	45	1	15	22	88	73	65	23	33	42	
42	88	98	99	49	77	98	68	74	26	35	11	56	95	52	77	62	70	100	16	22	37	43	64	86	27	72	58	89	90	84	36	5	85	23	11	26	7	21	45	19	44	71	72	51	23	80	4	22	84	
15	26	78	72	86	12	10	15	96	35	39	63	31	80	5	3	90	62	42	65	3	67	34	85	46	15	25	1	56	86	25	15	58	39	78	58	3	82	72	46	62	6	2	66	62	25	54	14	73	17	
39	71	34	72	24	48	30	95	25	11	63	66	60	1	95	40	100	74	58	25	42	71	64	95	71	61	88	55	98	73	13	13	74	54	4	7	14	87	80	39	57	5	37	50	2	4	8	75	14	84	
64	8	3	46	66	90	93	19	95	56	31	60	15	27	23	53	96	80	3	46	23	94	98	48	83	33	78	6	80	83	77	99	89	96	67	54	19	5	38	15	45	5	83	100	41	17	90	58	95	3	
74	64	89	5	64	89	35	65	25	95	80	1	27	11	13	96	4	15	35	42	81	55	15	96	3	59	6	47	33	9	76	10	40	86	90	61	100	61	13	56	44	79	28	82	98	89	29	49	49	38	
98	90	79	45	94	12	1	77	79	52	5	95	23	13	51	99	16	23	99	23	41	84	65	20	83	60	52	90	10	99	25	10	76	71	51	61	58	41	35	36	39	79	11	80	85	46	37	26	45	53	
27	51	78	58	54	83	16	42	74	77	3	40	53	96	99	83	46	63	28	47	65	2	83	56	71	76	58	72	98	34	84	17	77	85	79	66	27	33	28	17	49	56	55	70	100	30	69	53	6	52	
28	67	33	31	66	37	90	47	60	62	90	100	96	4	16	46	7	34	74	37	78	85	35	98	47	11	16	72	11	91	30	49	97	12	100	9	96	33	5	69	100	81	80	40	46	43	1	91	19	82	
48	58	82	14	82	65	54	17	94	70	62	74	80	15	23	63	34	12	68	5	29	3	1	65	54	17	26	90	11	58	63	56	47	8	99	12	86	95	98	37	3	9	51	23	2	20	25	87	70	17	
81	53	44	97	65	8	4	33	51	100	42	58	3	35	99	28	74	68	51	24	72	75	85	50	65	38	47	64	20	86	79	99	46	11	47	37	13	48	20	29	31	21	61	97	85	13	95	17	74	24	
27	5	10	62	45	42	63	3	59	16	65	25	46	42	23	47	37	5	24	95	33	36	4	31	24	33	98	31	68	85	68	98	48	28	59	39	48	38	20	5	97	10	46	34	60	3	67	45	84	79	
4	28	50	50	13	90	79	8	69	22	3	42	23	81	41	65	78	29	72	33	15	55	66	62	83	49	15	20	13	14	57	58	55	81	75	61	31	37	18	19	78	47	55	44	39	73	44	6	69	16	
5	29	3	44	24	32	62	77	20	37	67	71	94	55	84	2	85	3	75	36	55	65	8	94	8	58	95	87	1	70	94	72	63	95	62	90	37	92	64	16	3	81	9	33	59	10	25	10	66	36	
18	27	46	44	56	24	21	72	21	43	34	64	98	15	65	83	35	1	85	4	66	8	56	57	87	93	6	55	53	24	42	67	64	18	84	44	95	16	49	85	15	30	42	32	69	94	38	34	30	90	
7	27	92	100	13	20	37	81	99	64	85	95	48	96	20	56	98	65	50	31	62	94	57	64	80	72	71	14	96	36	44	73	61	56	48	38	42	6	13	6	73	27	12	83	13	71	19	49	10	43	
7	1	44	100	94	92	65	34	93	86	46	71	83	3	83	71	47	54	65	24	83	8	87	80	85	48	32	47	94	20	32	69	43	87	88	87	47	95	22	57	52	1	38	24	84	30	27	70	66	41	
76	25	12	37	15	64	79	23	47	27	15	61	33	59	60	76	11	17	38	33	49	58	93	72	48	20	50	55	56	30	81	35	52	90	7	56	5	66	19	20	24	33	10	47	3	20	73	69	19	32	
45	70	18	79	43	87	42	59	82	72	25	88	78	6	52	58	16	26	47	98	15	95	6	71	32	50	2	78	6	63	68	89	76	3	75	87	37	9	3	69	97	54	19	73	82	30	95	98	14	47	
5	85	58	86	56	62	66	10	94	58	1	55	6	47	90	72	72	90	64	31	20	87	55	14	47	55	78	55	85	79	38	8	69	8	9	95	84	61	63	40	70	39	47	78	90	35	26	63	20	90	
63	43	70	67	84	7	49	44	54	89	56	98	80	33	10	98	11	11	20	68	13	1	53	96	94	56	6	85	62	28	69	47	32	24	53	80	21	62	72	65	92	88	24	92	98	31	3	66	64	2	
37	90	93	38	83	55	33	74	56	90	86	73	83	9	99	34	91	58	86	85	14	70	24	36	20	30	63	79	28	1	27	100	2	54	98	57	28	17	5	18	31	39	10	96	57	43	65	39	68	74	
79	27	81	4	21	40	17	80	10	84	25	13	77	76	25	84	30	63	79	68	57	94	42	44	32	81	68	38	69	27	95	67	36	20	46	66	13	4	22	13	70	6	97	22	26	46	26	96	30	98	
26	17	4	12	97	21	64	78	96	36	15	13	99	10	10	17	49	56	99	98	58	72	67	73	69	35	89	8	47	100	67	10	98	41	44	22	35	13	51	72	95	55	58	60	40	7	2	90	50	68	
5	93	60	32	95	46	93	55	79	5	58	74	89	40	76	77	97	47	46	48	55	63	64	61	43	52	76	69	32	2	36	98	17	74	11	1	62	88	26	32	40	97	47	81	42	55	28	79	97	43	
8	1	47	51	17	9	95	6	42	85	39	54	96	86	71	85	12	8	11	28	81	95	18	56	87	90	3	8	24	54	20	41	74	29	47	82	14	21	28	3	48	26	90	98	62	65	66	66	9	15	
84	20	1	34	15	20	5	41	38	23	78	4	67	90	51	79	100	99	47	59	75	62	84	48	88	7	75	9	53	98	46	44	11	47	7	93	27	76	75	1	7	57	34	57	94	37	24	88	81	73	
13	67	84	65	37	21	85	11	52	11	58	7	54	61	61	66	9	12	37	39	61	90	44	38	87	56	87	95	80	57	66	22	1	82	93	83	26	39	65	65	2	98	82	54	57	39	48	32	74	72	
7	61	46	64	2	60	37	95	46	26	3	14	19	100	58	27	96	86	13	48	31	37	95	42	47	5	37	84	21	28	13	35	62	14	27	26	95	78	95	42	97	43	11	72	78	10	17	17	29	13	
60	47	8	80	54	93	78	57	100	7	82	87	5	61	41	33	33	95	48	38	37	92	16	6	95	66	9	61	62	17	4	13	88	21	76	39	78	8	34	43	32	6	65	89	28	36	3	26	20	82	
23	95	76	20	45	93	53	74	6	21	72	80	38	13	35	28	5	98	20	20	18	64	49	13	22	19	3	63	72	5	22	51	26	28	75	65	95	34	92	29	53	65	69	11	48	4	20	97	48	5	
94	10	31	85	9	38	62	89	7	45	46	39	15	56	36	17	69	37	29	5	19	16	85	6	57	20	69	40	65	18	13	72	32	3	1	65	42	43	29	24	20	53	59	25	90	94	38	17	5	86	
43	50	2	89	4	29	72	32	45	19	62	57	45	44	39	49	100	3	31	97	78	3	15	73	52	24	97	70	92	31	70	95	40	48	7	2	97	32	53	20	75	25	70	53	29	18	52	80	100	40	
3	98	56	45	90	68	14	39	1	44	6	5	5	79	79	56	81	9	21	10	47	81	30	27	1	33	54	39	88	39	6	55	97	26	57	98	43	6	65	53	25	46	82	27	54	40	43	80	79	49	
88	79	96	98	6	17	17	35	15	71	2	37	83	28	11	55	80	51	61	46	55	9	42	12	38	10	19	47	24	10	97	58	47	90	34	82	11	65	69	59	70	82	7	52	25	51	5	72	33	60	
96	47	8	14	73	23	32	21	22	72	66	50	100	82	80	70	40	23	97	34	44	33	32	83	24	47	73	78	92	96	22	60	81	98	57	54	72	89	11	25	53	27	52	80	10	91	80	38	78	33	
48	14	77	69	29	13	59	52	88	51	62	2	41	98	85	100	46	2	85	60	39	59	69	13	84	3	82	90	98	57	26	40	42	62	94	57	78	28	48	90	29	54	25	10	77	38	93	79	71	72	
15	32	66	54	82	93	59	93	73	23	25	4	17	89	46	30	43	20	13	3	73	10	94	71	30	20	30	35	31	43	46	7	55	65	37	39	10	36	4	94	18	40	51	91	38	91	10	65	31	47	
54	51	55	68	63	33	54	35	65	80	54	8	90	29	37	69	1	25	95	67	44	25	38	19	27	73	95	26	3	65	26	2	28	66	24	48	17	3	20	38	52	43	5	80	93	10	1	21	20	97	
83	13	79	58	82	80	93	18	23	4	14	75	58	49	26	53	91	87	17	45	6	10	34	49	70	69	98	63	66	39	96	90	79	66	88	32	17	26	97	17	80	80	72	38	79	65	21	53	83	61	
83	13	19	50	89	61	11	88	33	22	73	14	95	49	45	6	19	70	74	84	69	66	30	10	66	19	14	20	64	68	30	50	97	9	81	74	29	20	48	5	100	79	33	78	71	31	20	83	57	10	
92	9	21	81	14	73	44	39	42	84	17	84	3	38	53	52	82	17	24	79	16	36	90	43	41	32	47	90	2	74	98	68	43	15	73	72	13	82	5	86	40	49	60	33	72	47	97	61	10	78	
