50
1099
64	39	38	5	51	87	12	39	94	95	24	73	41	28	32	94	55	11	18	46	18	32	26	55	37	59	33	71	36	58	78	5	96	36	90	42	31	21	80	68	31	62	23	61	49	45	63	97	6	56	
40	20	78	49	74	8	48	27	37	70	79	64	53	52	13	80	62	19	76	25	30	11	62	76	98	60	16	19	27	70	25	46	76	6	51	46	22	2	3	54	88	32	63	83	63	88	72	71	80	53	
20	21	75	80	1	64	30	29	30	26	95	7	69	3	97	42	49	38	5	92	47	99	52	30	28	6	49	52	44	53	40	85	48	59	45	85	98	80	44	35	84	90	94	5	7	93	35	86	68	40	
78	75	68	80	74	100	85	78	29	44	1	8	93	69	9	85	26	28	20	46	12	43	77	82	38	99	73	24	92	62	24	79	53	4	28	63	4	84	63	48	17	23	88	97	14	41	50	9	92	40	
49	80	80	20	31	34	18	90	41	16	45	60	73	99	68	22	44	53	52	62	42	91	39	12	65	40	29	80	9	79	23	16	3	12	1	82	48	13	83	36	49	13	78	57	13	56	94	48	9	1	
74	1	74	31	88	44	43	32	28	45	94	28	38	51	95	72	2	71	16	6	60	63	27	64	5	95	33	70	16	60	100	94	98	24	96	80	3	84	87	72	60	54	39	14	9	39	64	27	50	67	
8	64	100	34	44	97	22	29	91	43	75	92	19	13	35	77	15	31	61	36	32	21	49	90	61	81	46	62	74	25	20	97	19	7	37	83	54	69	88	53	64	70	49	52	93	43	8	27	83	100	
48	30	85	18	43	22	31	10	71	70	87	84	100	18	48	85	63	45	61	15	49	49	81	60	58	62	30	100	88	54	46	37	7	78	32	69	42	18	57	67	6	67	58	93	10	26	79	28	96	10	
27	29	78	90	32	29	10	84	1	98	16	65	72	50	97	41	11	46	32	27	67	13	75	31	100	6	60	96	30	88	30	97	8	27	23	8	96	43	6	96	21	30	46	19	69	11	68	66	59	86	
37	30	29	41	28	91	71	1	62	47	5	98	67	81	93	37	50	79	14	48	44	28	67	25	52	46	26	12	84	10	25	11	77	74	76	63	29	22	61	89	59	57	70	87	86	19	7	58	7	38	
70	26	44	16	45	43	70	98	47	47	60	37	61	37	47	42	32	77	46	22	17	73	70	91	87	40	67	40	86	13	61	57	1	19	47	70	39	10	48	83	96	37	35	95	49	35	96	5	15	79	
79	95	1	45	94	75	87	16	5	60	95	1	51	33	50	19	18	82	10	94	21	94	14	19	97	3	43	30	36	41	77	22	71	44	44	89	30	49	55	65	78	35	77	69	100	50	11	55	91	83	
64	7	8	60	28	92	84	65	98	37	1	98	6	27	23	45	4	88	59	73	12	37	55	78	86	27	100	28	3	31	54	52	93	61	93	76	22	69	95	63	32	45	90	70	15	22	75	67	45	46	
53	69	93	73	38	19	100	72	67	61	51	6	72	39	38	40	62	55	75	32	72	72	48	80	80	13	59	42	9	17	30	3	82	26	76	69	46	64	67	72	61	51	52	19	35	19	60	49	86	15	
52	3	69	99	51	13	18	50	81	37	33	27	39	72	30	33	93	57	15	54	97	26	54	79	71	4	44	55	27	62	5	11	71	99	93	82	27	13	63	47	72	10	18	24	56	66	85	28	89	37	
13	97	9	68	95	35	48	97	93	47	50	23	38	30	55	50	29	40	49	20	51	19	91	91	49	16	37	16	32	96	25	71	57	72	46	80	42	88	87	62	100	52	73	32	70	70	20	65	66	46	
80	42	85	22	72	77	85	41	37	42	19	45	40	33	50	100	47	25	3	47	51	91	80	24	17	54	61	66	88	4	96	81	58	36	24	42	91	11	35	24	35	99	82	53	91	88	38	79	59	73	
62	49	26	44	2	15	63	11	50	32	18	4	62	93	29	47	91	41	24	74	82	19	11	47	82	28	49	51	73	81	16	44	25	83	99	70	90	93	76	36	51	53	37	40	8	27	100	84	86	10	
19	38	28	53	71	31	45	46	79	77	82	88	55	57	40	25	41	49	59	53	19	89	9	89	74	84	9	16	14	46	9	20	38	41	60	39	6	4	40	1	17	59	64	92	82	50	31	23	88	33	
76	5	20	52	16	61	61	32	14	46	10	59	75	15	49	3	24	59	46	50	89	81	27	64	51	85	16	50	97	74	5	82	64	42	70	15	39	86	96	2	41	3	10	82	93	96	75	18	69	33	
25	92	46	62	6	36	15	27	48	22	94	73	32	54	20	47	74	53	50	20	6	30	67	36	90	12	44	10	36	23	70	31	40	12	37	74	8	44	63	28	72	42	7	74	95	37	42	59	22	31	
30	47	12	42	60	32	49	67	44	17	21	12	72	97	51	51	82	19	89	6	89	73	100	94	37	84	72	13	93	64	13	9	2	88	82	99	52	65	30	99	25	70	1	95	83	92	93	44	19	88	
11	99	43	91	63	21	49	13	28	73	94	37	72	26	19	91	19	89	81	30	73	93	51	26	7	58	8	58	1	90	42	26	19	10	59	76	23	58	97	36	100	35	40	32	43	18	85	52	20	3	
62	52	77	39	27	49	81	75	67	70	14	55	48	54	91	80	11	9	27	67	100	51	57	43	70	21	52	79	40	73	38	29	13	15	53	18	10	45	64	31	46	57	4	35	11	19	27	74	52	52	
76	30	82	12	64	90	60	31	25	91	19	78	80	79	91	24	47	89	64	36	94	26	43	7	95	76	90	49	68	7	4	25	77	91	71	81	33	67	91	49	7	36	51	32	27	38	93	54	4	85	
98	28	38	65	5	61	58	100	52	87	97	86	80	71	49	17	82	74	51	90	37	7	70	95	78	90	97	74	46	69	95	88	85	31	90	98	75	86	83	95	15	68	12	26	3	98	26	66	8	92	
60	6	99	40	95	81	62	6	46	40	3	27	13	4	16	54	28	84	85	12	84	58	21	76	90	4	90	25	66	20	32	6	36	69	61	56	5	95	90	17	26	6	41	72	100	52	56	94	39	72	
16	49	73	29	33	46	30	60	26	67	43	100	59	44	37	61	49	9	16	44	72	8	52	90	97	90	68	49	70	52	25	44	79	76	95	84	10	11	21	62	49	96	28	84	36	34	47	67	18	95	
19	52	24	80	70	62	100	96	12	40	30	28	42	55	16	66	51	16	50	10	13	58	79	49	74	25	49	43	53	11	80	47	22	90	12	31	69	53	91	23	27	42	68	25	19	73	23	2	24	94	
27	44	92	9	16	74	88	30	84	86	36	3	9	27	32	88	73	14	97	36	93	1	40	68	46	66	70	53	32	4	30	14	63	83	47	66	27	59	12	46	7	44	29	4	77	82	37	61	93	55	
70	53	62	79	60	25	54	88	10	13	41	31	17	62	96	4	81	46	74	23	64	90	73	7	69	20	52	11	4	77	97	49	29	33	58	84	35	31	3	42	52	75	38	98	95	98	15	93	43	25	
25	40	24	23	100	20	46	30	25	61	77	54	30	5	25	96	16	9	5	70	13	42	38	4	95	32	25	80	30	97	75	16	39	52	8	2	29	73	59	61	55	92	97	2	29	9	34	38	43	8	
46	85	79	16	94	97	37	97	11	57	22	52	3	11	71	81	44	20	82	31	9	26	29	25	88	6	44	47	14	49	16	40	27	14	82	37	48	86	26	21	100	97	41	51	11	44	46	46	97	32	
76	48	53	3	98	19	7	8	77	1	71	93	82	71	57	58	25	38	64	40	2	19	13	77	85	36	79	22	63	29	39	27	13	70	6	73	85	54	89	68	93	59	72	98	81	11	91	44	53	76	
6	59	4	12	24	7	78	27	74	19	44	61	26	99	72	36	83	41	42	12	88	10	15	91	31	69	76	90	83	33	52	14	70	62	12	35	98	27	78	3	95	39	16	30	42	37	76	2	41	28	
51	45	28	1	96	37	32	23	76	47	44	93	76	93	46	24	99	60	70	37	82	59	53	71	90	61	95	12	47	58	8	82	6	12	40	81	30	8	64	31	65	6	54	98	63	90	37	22	2	20	
46	85	63	82	80	83	69	8	63	70	89	76	69	82	80	42	70	39	15	74	99	76	18	81	98	56	84	31	66	84	2	37	73	35	81	18	56	22	76	41	53	64	52	79	13	13	59	6	45	23	
22	98	4	48	3	54	42	96	29	39	30	22	46	27	42	91	90	6	39	8	52	23	10	33	75	5	10	69	27	35	29	48	85	98	30	56	10	10	10	95	79	69	69	4	58	24	36	44	3	12	
2	80	84	13	84	69	18	43	22	10	49	69	64	13	88	11	93	4	86	44	65	58	45	67	86	95	11	53	59	31	73	86	54	27	8	22	10	82	65	7	23	32	25	4	60	9	90	34	67	94	
3	44	63	83	87	88	57	6	61	48	55	95	67	63	87	35	76	40	96	63	30	97	64	91	83	90	21	91	12	3	59	26	89	78	64	76	10	65	46	61	98	9	46	91	65	90	15	19	52	63	
54	35	48	36	72	53	67	96	89	83	65	63	72	47	62	24	36	1	2	28	99	36	31	49	95	17	62	23	46	42	61	21	68	3	31	41	95	7	61	97	8	30	15	74	4	70	86	61	83	74	
88	84	17	49	60	64	6	21	59	96	78	32	61	72	100	35	51	17	41	72	25	100	46	7	15	26	49	27	7	52	55	100	93	95	65	53	79	23	98	8	18	7	78	45	40	37	9	30	12	76	
32	90	23	13	54	70	67	30	57	37	35	45	51	10	52	99	53	59	3	42	70	35	57	36	68	6	96	42	44	75	92	97	59	39	6	64	69	32	9	30	7	99	19	29	55	93	80	14	96	83	
63	94	88	78	39	49	58	46	70	35	77	90	52	18	73	82	37	64	10	7	1	40	4	51	12	41	28	68	29	38	97	41	72	16	54	52	69	25	46	15	78	19	94	4	36	48	25	5	40	92	
83	5	97	57	14	52	93	19	87	95	69	70	19	24	32	53	40	92	82	74	95	32	35	32	26	72	84	25	4	98	2	51	98	30	98	79	4	4	91	74	45	29	4	44	40	94	21	66	6	5	
63	7	14	13	9	93	10	69	86	49	100	15	35	56	70	91	8	82	93	95	83	43	11	27	3	100	36	19	77	95	29	11	81	42	63	13	58	60	65	4	40	55	36	40	80	60	43	96	11	37	
88	93	41	56	39	43	26	11	19	35	50	22	19	66	70	88	27	50	96	37	92	18	19	38	98	52	34	73	82	98	9	44	11	37	90	13	24	9	90	70	37	93	48	94	60	28	84	86	53	32	
72	35	50	94	64	8	79	68	7	96	11	75	60	85	20	38	100	31	75	42	93	85	27	93	26	56	47	23	37	15	34	46	91	76	37	59	36	90	15	86	9	80	25	21	43	84	81	28	55	38	
71	86	9	48	27	27	28	66	58	5	55	67	49	28	65	79	84	23	18	59	44	52	74	54	66	94	67	2	61	93	38	46	44	2	22	6	44	34	19	61	30	14	5	66	96	86	28	46	96	48	
80	68	92	9	50	83	96	59	7	15	91	45	86	89	66	59	86	88	69	22	19	20	52	4	8	39	18	24	93	43	43	97	53	41	2	45	3	67	52	83	12	96	40	6	11	53	55	96	67	15	
53	40	40	1	67	100	10	86	38	79	83	46	15	37	46	73	10	33	33	31	88	3	52	85	92	72	95	94	55	25	8	32	76	28	20	23	12	94	63	74	76	83	92	5	37	32	38	48	15	21	
