50
1333
55	97	75	47	29	9	6	46	61	57	49	69	7	96	21	23	9	70	30	92	28	61	27	19	88	39	46	54	50	75	52	97	98	41	91	14	3	47	74	47	12	80	57	57	82	53	51	76	44	35	
11	86	14	10	29	49	15	59	61	46	42	34	79	72	56	6	89	60	29	35	10	20	27	65	5	57	50	64	58	14	9	57	78	58	20	20	2	29	98	5	32	63	35	2	2	65	64	29	69	65	
86	16	91	65	73	10	92	19	16	6	64	69	52	12	98	7	51	21	65	85	44	28	29	3	11	64	3	26	41	7	25	100	60	29	82	81	21	48	23	74	62	85	74	26	26	74	52	8	56	81	
14	91	24	85	25	74	63	46	81	88	85	4	6	44	15	67	89	64	94	24	9	95	35	9	23	11	60	17	68	29	14	55	70	99	9	19	64	75	83	21	61	38	62	93	2	33	39	51	61	8	
10	65	85	57	80	43	35	55	13	93	62	78	34	75	9	78	74	69	11	9	50	65	7	81	47	55	90	12	51	55	29	31	46	16	44	92	3	76	38	61	16	77	21	13	58	74	43	47	4	31	
29	73	25	80	25	1	14	74	90	75	1	14	83	21	31	10	95	82	66	65	40	31	51	40	50	41	21	37	37	26	50	65	63	16	74	10	47	50	29	2	30	98	97	42	4	30	75	18	95	7	
49	10	74	43	1	93	16	14	7	3	32	25	58	9	31	43	2	18	62	6	50	16	53	4	48	62	64	67	95	19	17	86	64	36	92	96	9	31	42	82	56	35	99	36	2	1	92	80	73	85	
15	92	63	35	14	16	65	41	45	22	68	46	50	22	6	72	87	32	20	80	96	32	84	53	61	78	29	83	9	32	53	72	38	30	60	92	40	15	25	63	99	34	30	3	31	56	94	93	100	3	
59	19	46	55	74	14	41	74	72	2	23	94	22	62	2	3	56	67	46	61	43	79	48	2	52	67	35	67	47	35	21	4	19	78	60	89	73	68	32	2	44	78	82	24	94	41	11	32	25	14	
61	16	81	13	90	7	45	72	18	10	21	96	42	35	48	95	82	22	67	35	50	60	55	44	99	40	72	17	61	92	22	71	48	48	71	60	51	59	53	58	80	64	67	12	26	87	61	1	30	50	
46	6	88	93	75	3	22	2	10	32	61	34	13	81	57	59	38	16	58	97	60	28	29	88	11	14	10	23	97	62	19	50	72	90	13	72	27	45	13	74	40	34	58	87	88	89	30	89	86	67	
42	64	85	62	1	32	68	23	21	61	100	24	16	27	60	30	47	89	65	91	8	99	15	75	50	100	80	18	34	53	63	44	58	24	100	40	21	82	4	67	98	63	3	70	44	88	15	32	34	78	
34	69	4	78	14	25	46	94	96	34	24	39	69	2	38	39	93	3	76	8	71	96	13	49	89	63	7	72	76	99	98	12	100	50	3	89	28	100	39	60	66	51	8	91	22	20	73	34	16	66	
79	52	6	34	83	58	50	22	42	13	16	69	15	19	78	73	70	100	87	40	69	16	43	50	26	79	69	37	53	12	6	64	58	58	93	14	35	3	9	39	28	77	88	38	83	3	56	100	42	92	
72	12	44	75	21	9	22	62	35	81	27	2	19	31	40	30	29	22	31	75	7	52	9	72	22	68	88	32	86	32	100	76	30	6	44	41	97	82	48	44	73	25	54	36	49	100	75	86	99	37	
56	98	15	9	31	31	6	2	48	57	60	38	78	40	56	52	20	44	1	46	49	69	83	14	85	58	46	72	29	28	21	75	31	86	25	97	17	46	10	66	29	78	30	87	14	97	96	37	70	46	
6	7	67	78	10	43	72	3	95	59	30	39	73	30	52	65	65	76	34	81	42	89	91	34	23	40	58	34	75	19	23	89	85	62	71	35	53	7	46	14	86	85	3	53	48	70	60	43	22	53	
89	51	89	74	95	2	87	56	82	38	47	93	70	29	20	65	43	35	95	38	10	89	35	53	71	16	44	87	11	23	1	47	57	7	17	87	39	79	65	55	1	77	89	37	29	97	2	20	88	20	
60	21	64	69	82	18	32	67	22	16	89	3	100	22	44	76	35	46	9	66	26	69	30	39	79	50	57	4	2	99	80	17	91	49	94	28	75	63	5	54	1	39	26	17	80	31	27	27	60	30	
29	65	94	11	66	62	20	46	67	58	65	76	87	31	1	34	95	9	17	5	12	92	44	68	95	31	72	66	46	11	80	26	15	66	36	83	43	35	98	41	85	58	77	6	21	72	95	48	69	75	
35	85	24	9	65	6	80	61	35	97	91	8	40	75	46	81	38	66	5	34	14	47	2	90	1	74	87	11	10	79	6	77	2	99	53	3	69	82	79	63	11	1	82	90	21	15	18	66	7	25	
10	44	9	50	40	50	96	43	50	60	8	71	69	7	49	42	10	26	12	14	8	2	91	54	46	24	66	14	12	59	3	8	50	100	58	99	98	78	48	97	31	77	22	32	82	99	99	79	97	12	
20	28	95	65	31	16	32	79	60	28	99	96	16	52	69	89	89	69	92	47	2	82	70	17	63	2	65	53	34	89	36	36	29	9	63	68	70	44	40	65	81	71	62	95	82	11	15	24	72	20	
27	29	35	7	51	53	84	48	55	29	15	13	43	9	83	91	35	30	44	2	91	70	53	93	69	81	5	14	17	58	23	79	10	45	73	68	92	11	32	58	22	38	41	97	47	73	38	53	66	77	
65	3	9	81	40	4	53	2	44	88	75	49	50	72	14	34	53	39	68	90	54	17	93	51	87	31	37	54	23	37	10	74	2	72	54	74	52	28	29	97	71	9	41	38	24	55	16	80	52	56	
5	11	23	47	50	48	61	52	99	11	50	89	26	22	85	23	71	79	95	1	46	63	69	87	14	41	14	41	39	26	15	43	91	53	51	93	78	60	40	5	56	90	72	78	57	29	39	70	86	76	
57	64	11	55	41	62	78	67	40	14	100	63	79	68	58	40	16	50	31	74	24	2	81	31	41	29	54	52	89	40	10	19	72	89	65	55	100	70	57	41	16	15	57	59	91	28	27	96	64	100	
50	3	60	90	21	64	29	35	72	10	80	7	69	88	46	58	44	57	72	87	66	65	5	37	14	54	70	92	36	59	33	22	32	30	6	99	99	96	73	66	99	66	89	13	44	73	69	72	96	19	
64	26	17	12	37	67	83	67	17	23	18	72	37	32	72	34	87	4	66	11	14	53	14	54	41	52	92	35	26	50	12	100	8	27	27	94	45	93	73	52	95	57	30	22	6	87	42	14	67	59	
58	41	68	51	37	95	9	47	61	97	34	76	53	86	29	75	11	2	46	10	12	34	17	23	39	89	36	26	46	92	20	67	27	17	6	36	93	63	5	31	85	7	11	94	62	64	70	26	31	18	
14	7	29	55	26	19	32	35	92	62	53	99	12	32	28	19	23	99	11	79	59	89	58	37	26	40	59	50	92	82	84	84	33	94	99	82	29	4	3	39	10	3	9	53	16	9	4	49	83	30	
9	25	14	29	50	17	53	21	22	19	63	98	6	100	21	23	1	80	80	6	3	36	23	10	15	10	33	12	20	84	43	74	69	45	58	3	72	9	26	37	96	46	85	71	78	51	76	96	12	38	
57	100	55	31	65	86	72	4	71	50	44	12	64	76	75	89	47	17	26	77	8	36	79	74	43	19	22	100	67	84	74	79	2	23	32	26	100	70	25	80	20	86	40	45	28	8	35	44	51	79	
78	60	70	46	63	64	38	19	48	72	58	100	58	30	31	85	57	91	15	2	50	29	10	2	91	72	32	8	27	33	69	2	27	49	4	52	36	22	22	39	95	49	84	87	29	57	19	16	69	7	
58	29	99	16	16	36	30	78	48	90	24	50	58	6	86	62	7	49	66	99	100	9	45	72	53	89	30	27	17	94	45	23	49	51	84	3	2	91	20	69	25	57	99	35	5	14	7	5	16	30	
20	82	9	44	74	92	60	60	71	13	100	3	93	44	25	71	17	94	36	53	58	63	73	54	51	65	6	27	6	99	58	32	4	84	76	57	90	6	80	48	92	50	99	46	20	29	76	41	55	4	
20	81	19	92	10	96	92	89	60	72	40	89	14	41	97	35	87	28	83	3	99	68	68	74	93	55	99	94	36	82	3	26	52	3	57	71	19	63	5	72	4	71	18	52	88	70	75	26	10	44	
2	21	64	3	47	9	40	73	51	27	21	28	35	97	17	53	39	75	43	69	98	70	92	52	78	100	99	45	93	29	72	100	36	2	90	19	96	45	26	87	5	6	25	8	5	15	27	16	53	99	
29	48	75	76	50	31	15	68	59	45	82	100	3	82	46	7	79	63	35	82	78	44	11	28	60	70	96	93	63	4	9	70	22	91	6	63	45	40	6	53	6	82	96	73	95	15	82	85	81	88	
98	23	83	38	29	42	25	32	53	13	4	39	9	48	10	46	65	5	98	79	48	40	32	29	40	57	73	73	5	3	26	25	22	20	80	5	26	6	30	41	66	30	91	97	24	41	56	41	52	95	
5	74	21	61	2	82	63	2	58	74	67	60	39	44	66	14	55	54	41	63	97	65	58	97	5	41	66	52	31	39	37	80	39	69	48	72	87	53	41	75	63	62	85	66	47	78	88	29	41	86	
32	62	61	16	30	56	99	44	80	40	98	66	28	73	29	86	1	1	85	11	31	81	22	71	56	16	99	95	85	10	96	20	95	25	92	4	5	6	66	63	22	83	93	30	12	76	31	91	89	14	
63	85	38	77	98	35	34	78	64	34	63	51	77	25	78	85	77	39	58	1	77	71	38	9	90	15	66	57	7	3	46	86	49	57	50	71	6	82	30	62	83	87	42	98	71	18	88	67	71	56	
35	74	62	21	97	99	30	82	67	58	3	8	88	54	30	3	89	26	77	82	22	62	41	41	72	57	89	30	11	9	85	40	84	99	99	18	25	96	91	85	93	42	92	11	52	95	61	50	85	26	
2	26	93	13	42	36	3	24	12	87	70	91	38	36	87	53	37	17	6	90	32	95	97	38	78	59	13	22	94	53	71	45	87	35	46	52	8	73	97	66	30	98	11	89	45	31	76	64	94	2	
2	26	2	58	4	2	31	94	26	88	44	22	83	49	14	48	29	80	21	21	82	82	47	24	57	91	44	6	62	16	78	28	29	5	20	88	5	95	24	47	12	71	52	45	3	31	54	77	63	98	
65	74	33	74	30	1	56	41	87	89	88	20	3	100	97	70	97	31	72	15	99	11	73	55	29	28	73	87	64	9	51	8	57	14	29	70	15	15	41	78	76	18	95	31	31	93	94	25	29	44	
64	52	39	43	75	92	94	11	61	30	15	73	56	75	96	60	2	27	95	18	99	15	38	16	39	27	69	42	70	4	76	35	19	7	76	75	27	82	56	88	31	88	61	76	54	94	95	33	3	50	
29	8	51	47	18	80	93	32	1	89	32	34	100	86	37	43	20	27	48	66	79	24	53	80	70	96	72	14	26	49	96	44	16	5	41	26	16	85	41	29	91	67	50	64	77	25	33	12	38	58	
69	56	61	4	95	73	100	25	30	86	34	16	42	99	70	22	88	60	69	7	97	72	66	52	86	64	96	67	31	83	12	51	69	16	55	10	53	81	52	41	89	71	85	94	63	29	3	38	1	68	
65	81	8	31	7	85	3	14	50	67	78	66	92	37	46	53	20	30	75	25	12	20	77	56	76	100	19	59	18	30	38	79	7	30	4	44	99	88	95	86	14	56	26	2	98	44	50	58	68	8	
