50
1110
84	96	16	22	1	12	28	66	95	83	11	20	88	11	38	61	4	77	73	56	27	58	14	25	75	46	56	49	92	61	78	22	75	36	21	20	31	20	34	76	90	13	63	41	12	91	97	12	24	39	
34	88	54	42	43	47	46	66	56	72	97	30	57	85	93	89	32	97	7	58	14	6	30	23	100	59	36	58	28	70	94	34	55	99	67	49	11	53	93	42	73	63	64	35	78	86	85	12	83	78	
88	77	47	88	95	36	44	15	62	88	62	51	35	73	29	24	4	90	14	7	49	13	81	23	52	76	69	61	7	65	65	4	32	26	42	48	42	20	73	77	80	10	19	27	17	20	72	90	76	66	
54	47	16	74	79	47	38	84	92	50	85	25	1	79	74	53	33	34	79	34	95	4	5	18	99	41	80	75	66	13	54	45	95	97	20	95	73	28	21	8	41	26	32	17	29	27	38	20	30	23	
42	88	74	33	51	51	88	16	55	28	73	45	13	83	95	42	98	54	36	72	43	84	5	50	99	19	79	65	65	93	88	95	8	46	42	87	53	62	38	90	26	36	65	32	4	42	91	35	22	3	
43	95	79	51	30	84	70	74	73	21	45	32	32	84	70	88	100	23	40	21	4	100	77	96	30	10	14	48	76	26	20	19	1	43	60	40	68	34	92	65	14	14	23	61	91	98	15	52	49	63	
47	36	47	51	84	7	48	95	76	38	11	56	20	68	91	33	96	40	53	90	48	67	48	65	87	30	46	82	50	56	57	31	58	88	42	81	85	50	46	77	13	47	5	81	60	62	49	35	23	54	
46	44	38	88	70	48	52	3	27	92	55	41	22	7	100	20	71	3	97	97	69	79	9	19	91	3	38	79	39	63	94	44	48	17	25	74	37	3	94	95	60	49	64	85	69	88	75	38	42	2	
66	15	84	16	74	95	3	97	38	87	54	15	8	60	18	80	3	36	16	29	73	75	76	69	72	52	82	70	26	91	59	39	100	38	15	37	41	24	19	95	93	33	92	38	80	27	78	49	72	1	
56	62	92	55	73	76	27	38	53	38	5	65	68	23	34	14	16	57	80	42	70	74	69	14	50	39	72	32	61	6	55	14	91	74	95	91	12	53	45	92	55	81	99	18	5	75	70	13	6	64	
72	88	50	28	21	38	92	87	38	91	80	87	24	28	44	72	73	50	79	43	76	53	35	25	28	57	1	43	89	89	24	60	66	37	58	71	32	75	19	25	67	54	28	83	25	93	80	9	34	23	
97	62	85	73	45	11	55	54	5	80	56	49	64	6	16	18	14	30	94	42	10	87	18	43	42	47	5	66	15	39	92	80	22	17	14	96	77	58	40	12	20	67	35	89	68	43	60	68	71	30	
30	51	25	45	32	56	41	15	65	87	49	16	23	23	17	77	54	2	53	55	54	7	78	16	89	36	67	19	57	70	69	91	35	63	31	19	52	76	32	74	86	61	45	68	68	44	42	74	89	54	
57	35	1	13	32	20	22	8	68	24	64	23	49	92	26	15	99	14	63	27	96	44	24	93	4	40	78	14	23	37	48	55	43	100	79	30	72	42	46	38	49	97	43	86	100	87	79	40	14	60	
85	73	79	83	84	68	7	60	23	28	6	23	92	1	24	4	94	85	5	29	13	27	70	91	42	30	57	91	6	7	38	57	99	15	5	62	67	93	65	41	70	86	87	59	82	72	86	29	40	91	
93	29	74	95	70	91	100	18	34	44	16	17	26	24	68	84	64	62	14	87	11	94	34	21	37	46	93	38	59	1	77	8	45	87	6	88	93	86	42	19	28	55	92	56	60	32	11	48	70	14	
89	24	53	42	88	33	20	80	14	72	18	77	15	4	84	93	42	71	65	49	74	11	64	48	34	75	21	48	11	13	9	62	88	10	97	20	37	100	19	54	44	6	94	70	24	29	24	4	97	6	
32	4	33	98	100	96	71	3	16	73	14	54	99	94	64	42	74	90	48	20	65	78	11	29	21	12	98	92	71	50	70	98	39	90	81	5	53	8	87	79	28	15	64	44	52	29	62	38	43	30	
97	90	34	54	23	40	3	36	57	50	30	2	14	85	62	71	90	83	78	15	33	100	3	87	20	44	75	69	85	32	42	57	82	36	44	10	33	10	59	25	18	21	65	89	63	37	84	12	53	54	
7	14	79	36	40	53	97	16	80	79	94	53	63	5	14	65	48	78	36	33	77	51	24	82	16	30	75	59	77	43	12	77	91	72	53	71	86	75	79	85	6	9	25	63	11	95	66	57	53	71	
58	7	34	72	21	90	97	29	42	43	42	55	27	29	87	49	20	15	33	27	12	71	69	88	26	6	9	49	85	12	37	77	15	43	82	76	79	83	12	71	4	74	44	65	97	18	70	70	89	13	
14	49	95	43	4	48	69	73	70	76	10	54	96	13	11	74	65	33	77	12	17	68	72	16	12	72	84	3	38	5	7	22	46	42	50	17	61	17	24	96	32	26	21	5	12	52	1	71	48	100	
6	13	4	84	100	67	79	75	74	53	87	7	44	27	94	11	78	100	51	71	68	63	12	20	74	86	88	30	97	83	75	81	64	30	55	9	46	42	66	2	10	89	1	82	32	89	25	31	97	21	
30	81	5	5	77	48	9	76	69	35	18	78	24	70	34	64	11	3	24	69	72	12	18	38	94	2	69	79	22	98	35	72	82	58	6	2	79	71	79	50	17	25	83	98	56	8	96	35	60	45	
23	23	18	50	96	65	19	69	14	25	43	16	93	91	21	48	29	87	82	88	16	20	38	9	92	5	65	34	42	82	26	33	3	89	8	56	21	68	63	8	64	62	38	90	87	47	53	60	43	59	
100	52	99	99	30	87	91	72	50	28	42	89	4	42	37	34	21	20	16	26	12	74	94	92	19	29	81	9	24	85	54	41	38	3	27	26	30	57	71	29	30	9	87	82	26	60	8	14	39	46	
59	76	41	19	10	30	3	52	39	57	47	36	40	30	46	75	12	44	30	6	72	86	2	5	29	95	44	5	30	93	77	46	64	20	21	69	69	6	87	16	68	80	100	72	30	15	75	95	42	7	
36	69	80	79	14	46	38	82	72	1	5	67	78	57	93	21	98	75	75	9	84	88	69	65	81	44	77	43	73	41	91	30	25	56	56	86	40	83	53	51	81	89	6	84	8	55	97	70	3	49	
58	61	75	65	48	82	79	70	32	43	66	19	14	91	38	48	92	69	59	49	3	30	79	34	9	5	43	92	85	68	62	75	10	31	43	43	24	51	32	79	93	5	63	13	22	38	61	4	96	74	
28	7	66	65	76	50	39	26	61	89	15	57	23	6	59	11	71	85	77	85	38	97	22	42	24	30	73	85	20	87	7	23	5	20	36	94	77	75	5	66	46	29	39	42	31	62	42	81	9	42	
70	65	13	93	26	56	63	91	6	89	39	70	37	7	1	13	50	32	43	12	5	83	98	82	85	93	41	68	87	81	46	15	14	78	53	88	80	33	62	52	58	56	56	99	79	11	99	10	74	59	
94	65	54	88	20	57	94	59	55	24	92	69	48	38	77	9	70	42	12	37	7	75	35	26	54	77	91	62	7	46	10	73	71	55	33	80	100	21	71	85	55	25	86	52	34	50	1	36	94	90	
34	4	45	95	19	31	44	39	14	60	80	91	55	57	8	62	98	57	77	77	22	81	72	33	41	46	30	75	23	15	73	88	85	59	70	35	68	1	47	60	81	67	87	61	51	51	91	10	15	38	
55	32	95	8	1	58	48	100	91	66	22	35	43	99	45	88	39	82	91	15	46	64	82	3	38	64	25	10	5	14	71	85	80	19	41	90	73	54	99	77	30	25	9	98	4	58	21	76	53	4	
99	26	97	46	43	88	17	38	74	37	17	63	100	15	87	10	90	36	72	43	42	30	58	89	3	20	56	31	20	78	55	59	19	13	29	54	64	51	60	53	54	64	82	56	27	62	14	97	54	44	
67	42	20	42	60	42	25	15	95	58	14	31	79	5	6	97	81	44	53	82	50	55	6	8	27	21	56	43	36	53	33	70	41	29	21	100	96	90	17	5	71	32	100	37	15	85	40	3	100	39	
49	48	95	87	40	81	74	37	91	71	96	19	30	62	88	20	5	10	71	76	17	9	2	56	26	69	86	43	94	88	80	35	90	54	100	18	99	20	62	59	47	12	76	16	23	66	12	63	22	21	
11	42	73	53	68	85	37	41	12	32	77	52	72	67	93	37	53	33	86	79	61	46	79	21	30	69	40	24	77	80	100	68	73	64	96	99	66	24	76	50	66	24	55	12	92	95	87	66	74	42	
53	20	28	62	34	50	3	24	53	75	58	76	42	93	86	100	8	10	75	83	17	42	71	68	57	6	83	51	75	33	21	1	54	51	90	20	24	77	60	41	31	87	44	70	48	80	84	54	66	26	
93	73	21	38	92	46	94	19	45	19	40	32	46	65	42	19	87	59	79	12	24	66	79	63	71	87	53	32	5	62	71	47	99	60	17	62	76	60	10	11	31	25	96	34	95	2	9	93	19	89	
42	77	8	90	65	77	95	95	92	25	12	74	38	41	19	54	79	25	85	71	96	2	50	8	29	16	51	79	66	52	85	60	77	53	5	59	50	41	11	70	6	97	10	62	66	37	8	92	61	25	
73	80	41	26	14	13	60	93	55	67	20	86	49	70	28	44	28	18	6	4	32	10	17	64	30	68	81	93	46	58	55	81	30	54	71	47	66	31	31	6	74	35	100	77	15	12	37	23	75	93	
63	10	26	36	14	47	49	33	81	54	67	61	97	86	55	6	15	21	9	74	26	89	25	62	9	80	89	5	29	56	25	67	25	64	32	12	24	87	25	97	35	14	47	87	69	87	66	89	48	100	
64	19	32	65	23	5	64	92	99	28	35	45	43	87	92	94	64	65	25	44	21	1	83	38	87	100	6	63	39	56	86	87	9	82	100	76	55	44	96	10	100	47	78	64	57	99	13	33	25	30	
35	27	17	32	61	81	85	38	18	83	89	68	86	59	56	70	44	89	63	65	5	82	98	90	82	72	84	13	42	99	52	61	98	56	37	16	12	70	34	62	77	87	64	67	56	98	80	86	73	58	
78	17	29	4	91	60	69	80	5	25	68	68	100	82	60	24	52	63	11	97	12	32	56	87	26	30	8	22	31	79	34	51	4	27	15	23	92	48	95	66	15	69	57	56	9	56	70	23	37	27	
86	20	27	42	98	62	88	27	75	93	43	44	87	72	32	29	29	37	95	18	52	89	8	47	60	15	55	38	62	11	50	51	58	62	85	66	95	80	2	37	12	87	99	98	56	69	17	17	48	1	
85	72	38	91	15	49	75	78	70	80	60	42	79	86	11	24	62	84	66	70	1	25	96	53	8	75	97	61	42	99	1	91	21	14	40	12	87	84	9	8	37	66	13	80	70	17	76	44	20	64	
12	90	20	35	52	35	38	49	13	9	68	74	40	29	48	4	38	12	57	70	71	31	35	60	14	95	70	4	81	10	36	10	76	97	3	63	66	54	93	92	23	89	33	86	23	17	44	71	19	73	
83	76	30	22	49	23	42	72	6	34	71	89	14	40	70	97	43	53	53	89	48	97	60	43	39	42	3	96	9	74	94	15	53	54	100	22	74	66	19	61	75	48	25	73	37	48	20	19	79	31	
78	66	23	3	63	54	2	1	64	23	30	54	60	91	14	6	30	54	71	13	100	21	45	59	46	7	49	74	42	59	90	38	4	44	39	21	42	26	89	25	93	100	30	58	27	1	64	73	31	50	
