50
1139
14	82	46	37	99	98	48	64	98	41	4	25	92	79	36	99	46	21	55	25	22	36	46	29	86	32	91	36	41	85	94	21	10	77	28	53	8	30	62	99	48	51	67	98	42	37	84	4	90	59	
55	33	73	17	59	72	24	77	38	7	20	85	31	83	13	52	19	16	91	14	91	36	11	63	99	14	79	64	73	13	74	40	94	34	28	30	95	46	75	90	45	41	61	71	8	93	69	38	7	25	
33	78	28	33	7	71	96	68	22	25	1	80	32	16	17	29	57	94	3	37	38	40	11	34	69	26	42	91	36	55	27	36	97	54	56	45	18	24	33	87	20	60	91	99	78	88	58	54	76	93	
73	28	23	87	45	19	33	43	95	19	34	60	27	75	46	72	59	32	32	16	72	26	100	79	15	95	45	27	65	95	26	2	9	47	47	57	43	4	93	49	10	42	70	49	55	29	37	89	8	53	
17	33	87	60	5	1	89	20	18	40	78	34	89	36	84	38	8	29	65	25	36	35	100	9	46	81	70	14	12	14	30	91	42	42	54	56	22	3	86	29	85	91	52	16	83	62	94	61	13	43	
59	7	45	5	37	67	61	52	84	86	25	5	24	54	29	57	49	81	66	6	5	40	36	4	89	16	95	56	82	90	9	47	8	92	68	9	85	48	98	90	51	39	57	40	3	45	77	85	7	10	
72	71	19	1	67	98	33	3	93	88	62	3	41	4	82	55	54	49	45	3	94	43	64	57	16	46	71	83	71	97	10	87	40	21	94	48	37	62	90	39	43	9	8	25	55	86	64	21	79	62	
24	96	33	89	61	33	35	24	68	41	65	33	40	19	43	69	44	26	95	43	63	97	21	39	54	56	47	90	12	46	34	20	99	43	57	36	36	68	3	98	55	56	38	52	52	62	85	46	26	49	
77	68	43	20	52	3	24	57	68	6	100	84	75	68	26	31	9	42	79	40	12	81	100	20	15	32	84	92	28	34	94	91	47	57	78	75	69	32	84	66	1	94	94	15	100	28	64	60	34	75	
38	22	95	18	84	93	68	68	64	62	82	69	79	49	22	78	86	57	16	61	1	58	34	55	13	16	40	20	31	88	20	49	10	5	32	54	10	82	82	4	3	95	91	92	31	80	28	26	87	54	
7	25	19	40	86	88	41	6	62	31	13	37	87	35	43	13	42	62	45	59	79	50	93	68	41	48	31	68	4	52	63	67	27	32	88	58	34	58	8	90	35	29	89	86	45	92	98	24	35	53	
20	1	34	78	25	62	65	100	82	13	6	6	45	88	53	81	39	2	68	60	87	1	51	37	46	23	73	46	50	81	58	71	48	33	94	36	60	20	99	49	38	23	60	57	35	70	20	37	82	75	
85	80	60	34	5	3	33	84	69	37	6	97	59	24	96	1	60	69	34	94	67	2	87	26	17	59	15	4	83	27	99	60	24	17	8	44	62	83	1	7	27	65	13	30	97	75	3	56	77	70	
31	32	27	89	24	41	40	75	79	87	45	59	16	90	85	84	71	62	73	90	3	36	9	41	18	40	94	6	17	53	26	67	3	66	87	85	43	12	62	32	19	34	85	58	42	74	4	2	28	70	
83	16	75	36	54	4	19	68	49	35	88	24	90	84	31	95	36	2	28	42	64	58	33	11	44	31	3	49	32	2	27	72	10	24	76	22	84	30	49	22	71	44	81	68	93	12	37	88	32	52	
13	17	46	84	29	82	43	26	22	43	53	96	85	31	49	40	7	65	22	24	82	89	51	49	82	44	20	22	24	42	92	94	35	18	94	66	91	48	40	71	4	76	59	45	24	47	72	92	99	38	
52	29	72	38	57	55	69	31	78	13	81	1	84	95	40	87	80	13	59	37	1	32	93	25	86	91	19	18	92	95	21	4	11	46	37	40	81	12	11	11	66	57	83	47	48	62	56	71	95	28	
19	57	59	8	49	54	44	9	86	42	39	60	71	36	7	80	52	9	32	1	62	84	14	75	82	83	54	67	47	18	86	55	55	24	36	82	91	60	72	69	62	21	51	17	50	44	58	59	56	13	
16	94	32	29	81	49	26	42	57	62	2	69	62	2	65	13	9	87	21	75	63	55	30	84	78	65	73	8	19	44	30	18	64	61	70	67	78	79	94	3	64	50	77	66	40	56	75	81	73	12	
91	3	32	65	66	45	95	79	16	45	68	34	73	28	22	59	32	21	84	61	85	29	46	55	45	69	49	12	75	59	97	24	77	11	92	76	66	7	98	9	99	70	34	45	67	96	60	26	48	24	
14	37	16	25	6	3	43	40	61	59	60	94	90	42	24	37	1	75	61	21	38	70	70	54	4	58	61	19	41	64	80	52	12	17	75	63	75	48	89	63	14	24	74	81	26	42	45	57	98	57	
91	38	72	36	5	94	63	12	1	79	87	67	3	64	82	1	62	63	85	38	21	34	88	85	53	35	63	28	90	11	99	12	71	27	67	13	29	70	83	9	48	56	89	36	98	51	86	43	40	86	
36	40	26	35	40	43	97	81	58	50	1	2	36	58	89	32	84	55	29	70	34	30	82	6	72	5	64	64	21	16	51	1	54	69	92	21	3	17	61	5	2	39	90	41	30	40	77	63	58	59	
11	11	100	100	36	64	21	100	34	93	51	87	9	33	51	93	14	30	46	70	88	82	57	52	84	41	9	58	60	56	80	15	3	23	99	42	23	11	66	94	100	38	21	63	21	43	27	30	42	78	
63	34	79	9	4	57	39	20	55	68	37	26	41	11	49	25	75	84	55	54	85	6	52	41	1	68	50	4	3	94	2	18	32	53	8	57	44	50	58	49	58	64	100	36	80	14	81	16	58	1	
99	69	15	46	89	16	54	15	13	41	46	17	18	44	82	86	82	78	45	4	53	72	84	1	51	86	66	20	82	17	89	15	9	63	65	58	55	74	68	82	84	76	94	16	85	63	66	29	97	32	
14	26	95	81	16	46	56	32	16	48	23	59	40	31	44	91	83	65	69	58	35	5	41	68	86	79	4	18	53	95	8	49	20	19	79	75	45	71	23	3	52	48	46	2	37	65	52	40	96	28	
79	42	45	70	95	71	47	84	40	31	73	15	94	3	20	19	54	73	49	61	63	64	9	50	66	4	61	70	57	77	59	84	37	88	44	92	54	89	36	47	91	90	53	37	2	41	100	27	88	77	
64	91	27	14	56	83	90	92	20	68	46	4	6	49	22	18	67	8	12	19	28	64	58	4	20	18	70	2	1	85	14	88	50	100	74	39	99	52	14	13	15	55	69	19	40	88	9	46	62	78	
73	36	65	12	82	71	12	28	31	4	50	83	17	32	24	92	47	19	75	41	90	21	60	3	82	53	57	1	22	58	85	22	27	73	87	48	32	3	28	13	94	38	87	2	31	94	8	91	77	53	
13	55	95	14	90	97	46	34	88	52	81	27	53	2	42	95	18	44	59	64	11	16	56	94	17	95	77	85	58	2	82	13	28	22	88	53	95	99	90	71	37	18	83	84	69	36	81	6	17	65	
74	27	26	30	9	10	34	94	20	63	58	99	26	27	92	21	86	30	97	80	99	51	80	2	89	8	59	14	85	82	96	3	39	23	25	16	51	87	58	75	79	73	15	80	70	17	48	28	57	47	
40	36	2	91	47	87	20	91	49	67	71	60	67	72	94	4	55	18	24	52	12	1	15	18	15	49	84	88	22	13	3	68	70	35	16	92	84	82	4	76	7	79	22	81	20	95	31	79	97	55	
94	97	9	42	8	40	99	47	10	27	48	24	3	10	35	11	55	64	77	12	71	54	3	32	9	20	37	50	27	28	39	70	23	95	8	31	23	96	54	4	77	82	60	39	38	75	22	54	55	82	
34	54	47	42	92	21	43	57	5	32	33	17	66	24	18	46	24	61	11	17	27	69	23	53	63	19	88	100	73	22	23	35	95	12	54	80	74	96	28	13	25	39	52	49	51	100	27	32	23	95	
28	56	47	54	68	94	57	78	32	88	94	8	87	76	94	37	36	70	92	75	67	92	99	8	65	79	44	74	87	88	25	16	8	54	94	92	25	63	50	96	18	97	56	85	23	59	47	12	80	70	
30	45	57	56	9	48	36	75	54	58	36	44	85	22	66	40	82	67	76	63	13	21	42	57	58	75	92	39	48	53	16	92	31	80	92	95	6	71	85	89	49	84	99	91	69	61	88	11	65	63	
95	18	43	22	85	37	36	69	10	34	60	62	43	84	91	81	91	78	66	75	29	3	23	44	55	45	54	99	32	95	51	84	23	74	25	6	27	84	87	10	45	60	62	70	14	72	9	92	31	6	
46	24	4	3	48	62	68	32	82	58	20	83	12	30	48	12	60	79	7	48	70	17	11	50	74	71	89	52	3	99	87	82	96	96	63	71	84	61	18	43	9	22	24	34	28	49	62	8	29	30	
75	33	93	86	98	90	3	84	82	8	99	1	62	49	40	11	72	94	98	89	83	61	66	58	68	23	36	14	28	90	58	4	54	28	50	85	87	18	21	23	47	63	19	28	56	24	13	36	66	51	
90	87	49	29	90	39	98	66	4	90	49	7	32	22	71	11	69	3	9	63	9	5	94	49	82	3	47	13	13	71	75	76	4	13	96	89	10	43	23	47	30	10	53	86	99	33	19	35	90	3	
45	20	10	85	51	43	55	1	3	35	38	27	19	71	4	66	62	64	99	14	48	2	100	58	84	52	91	15	94	37	79	7	77	25	18	49	45	9	47	30	72	60	76	34	98	4	64	30	47	55	
41	60	42	91	39	9	56	94	95	29	23	65	34	44	76	57	21	50	70	24	56	39	38	64	76	48	90	55	38	18	73	79	82	39	97	84	60	22	63	10	60	31	50	2	43	5	59	77	73	89	
61	91	70	52	57	8	38	94	91	89	60	13	85	81	59	83	51	77	34	74	89	90	21	100	94	46	53	69	87	83	15	22	60	52	56	99	62	24	19	53	76	50	45	42	70	93	69	65	21	44	
71	99	49	16	40	25	52	15	92	86	57	30	58	68	45	47	17	66	45	81	36	41	63	36	16	2	37	19	2	84	80	81	39	49	85	91	70	34	28	86	34	2	42	15	37	100	32	72	39	80	
8	78	55	83	3	55	52	100	31	45	35	97	42	93	24	48	50	40	67	26	98	30	21	80	85	37	2	40	31	69	70	20	38	51	23	69	14	28	56	99	98	43	70	37	83	60	85	61	36	41	
93	88	29	62	45	86	62	28	80	92	70	75	74	12	47	62	44	56	96	42	51	40	43	14	63	65	41	88	94	36	17	95	75	100	59	61	72	49	24	33	4	5	93	100	60	85	42	98	51	6	
69	58	37	94	77	64	85	64	28	98	20	3	4	37	72	56	58	75	60	45	86	77	27	81	66	52	100	9	8	81	48	31	22	27	47	88	9	62	13	19	64	59	69	32	85	42	10	38	86	88	
38	54	89	61	85	21	46	60	26	24	37	56	2	88	92	71	59	81	26	57	43	63	30	16	29	40	27	46	91	6	28	79	54	32	12	11	92	8	36	35	30	77	65	72	61	98	38	15	80	54	
7	76	8	13	7	79	26	34	87	35	82	77	28	32	99	95	56	73	48	98	40	58	42	58	97	96	88	62	77	17	57	97	55	23	80	65	31	29	66	90	47	73	21	39	36	51	86	80	14	26	
25	93	53	43	10	62	49	75	54	53	75	70	70	52	38	28	13	12	24	57	86	59	78	1	32	28	77	78	53	65	47	55	82	95	70	63	6	30	51	3	55	89	44	80	41	6	88	54	26	46	
