50
1468
3	42	53	97	43	56	73	37	13	98	16	100	4	67	79	10	2	54	85	21	96	66	75	65	90	11	91	97	3	75	91	10	81	68	4	16	91	10	23	58	49	52	34	80	46	20	81	81	26	56	
55	92	4	42	27	93	3	48	46	100	75	16	83	8	63	35	3	63	84	78	28	48	59	61	7	34	60	51	66	93	16	35	23	57	75	95	54	61	98	93	29	47	71	56	36	89	98	9	58	12	
92	99	93	17	91	86	3	60	78	38	57	48	86	22	33	13	97	22	55	80	31	99	30	50	21	55	22	91	82	21	67	66	31	36	42	97	26	64	89	6	66	13	76	82	44	62	56	10	71	66	
4	93	50	75	30	96	13	40	79	32	64	48	5	78	94	70	43	1	67	94	8	79	73	88	88	61	42	95	71	35	49	68	45	7	66	31	83	82	32	28	40	43	86	75	100	14	16	75	28	43	
42	17	75	38	20	63	65	41	5	82	67	64	5	4	91	55	61	12	57	50	26	35	27	37	25	74	94	80	98	83	24	86	10	10	96	71	85	1	32	71	77	99	45	36	77	62	82	16	80	52	
27	91	30	20	87	2	37	57	52	46	4	86	4	61	20	82	32	84	15	50	39	15	51	72	98	34	17	86	69	83	70	39	54	58	26	35	1	17	44	79	69	83	48	39	48	53	30	17	54	11	
93	86	96	63	2	91	68	67	87	80	26	38	53	38	54	56	3	23	15	28	66	49	87	56	62	94	50	25	97	8	98	6	27	7	22	91	79	48	71	27	20	75	86	72	89	32	15	95	48	53	
3	3	13	65	37	68	69	62	88	93	2	5	1	20	43	69	22	100	65	56	26	27	28	61	89	15	59	8	45	14	16	11	64	71	6	94	77	73	83	88	51	78	27	34	91	30	76	16	86	61	
48	60	40	41	57	67	62	70	48	76	59	7	72	93	92	87	75	29	38	14	98	35	10	50	63	95	100	6	13	70	48	81	92	19	34	44	27	47	81	67	83	69	96	65	25	17	49	71	39	82	
46	78	79	5	52	87	88	48	60	23	20	71	59	84	6	60	42	99	71	98	48	1	32	25	17	41	66	41	32	60	11	5	77	8	95	69	71	86	97	53	2	94	12	4	59	68	39	69	47	28	
100	38	32	82	46	80	93	76	23	20	50	60	94	68	96	77	2	96	2	96	87	63	38	91	72	19	27	45	54	76	73	53	23	42	35	100	4	13	39	9	56	14	37	51	88	27	48	73	41	76	
75	57	64	67	4	26	2	59	20	50	60	26	97	42	44	27	7	28	9	70	68	7	47	90	69	100	11	8	55	87	56	92	3	4	39	76	87	33	69	26	72	78	32	93	51	60	97	73	79	24	
16	48	48	64	86	38	5	7	71	60	26	23	79	7	24	25	79	6	72	41	29	64	52	4	53	7	98	19	32	27	70	28	64	3	56	85	38	41	86	82	23	24	10	10	11	67	88	76	82	57	
83	86	5	5	4	53	1	72	59	94	97	79	81	40	38	29	21	52	38	91	58	74	95	28	78	49	22	36	60	33	89	78	47	13	45	38	2	50	42	55	16	38	46	14	57	47	98	61	27	78	
8	22	78	4	61	38	20	93	84	68	42	7	40	73	99	89	75	42	58	96	4	20	6	52	37	14	94	38	70	87	9	66	30	72	74	15	89	55	31	29	94	56	1	15	36	17	39	60	14	95	
63	33	94	91	20	54	43	92	6	96	44	24	38	99	68	59	26	96	4	30	21	69	80	19	67	32	70	57	84	72	53	32	53	36	98	17	26	28	32	85	30	51	34	44	62	20	35	88	64	66	
35	13	70	55	82	56	69	87	60	77	27	25	29	89	59	62	19	60	95	43	89	46	27	57	80	5	64	63	57	48	33	99	25	82	6	28	29	23	52	80	76	80	82	80	13	1	72	98	65	57	
3	97	43	61	32	3	22	75	42	2	7	79	21	75	26	19	74	88	69	19	3	5	64	55	56	32	15	99	4	82	96	32	98	90	11	12	33	32	30	56	34	27	90	43	29	39	54	34	93	33	
63	22	1	12	84	23	100	29	99	96	28	6	52	42	96	60	88	62	1	69	18	73	4	68	63	3	92	21	34	73	22	10	71	70	83	71	40	13	16	37	69	9	88	7	18	80	23	13	74	100	
84	55	67	57	15	15	65	38	71	2	9	72	38	58	4	95	69	1	23	2	47	60	5	30	91	64	1	10	94	55	89	91	100	77	82	31	67	95	81	86	86	18	39	80	47	69	97	89	88	27	
78	80	94	50	50	28	56	14	98	96	70	41	91	96	30	43	19	69	2	84	78	33	91	7	46	33	30	45	67	75	4	17	40	91	66	83	79	35	91	20	18	28	41	69	31	73	9	86	48	94	
28	31	8	26	39	66	26	98	48	87	68	29	58	4	21	89	3	18	47	78	17	20	71	81	84	39	94	86	20	89	43	69	75	24	59	95	39	95	38	4	47	48	67	76	36	22	91	78	3	46	
48	99	79	35	15	49	27	35	1	63	7	64	74	20	69	46	5	73	60	33	20	59	93	48	5	48	1	64	24	84	46	55	47	14	50	75	99	100	70	24	61	56	53	63	15	20	1	64	62	85	
59	30	73	27	51	87	28	10	32	38	47	52	95	6	80	27	64	4	5	91	71	93	99	86	14	62	43	47	53	23	85	23	76	71	41	80	32	21	56	42	55	13	97	45	54	4	62	31	87	78	
61	50	88	37	72	56	61	50	25	91	90	4	28	52	19	57	55	68	30	7	81	48	86	99	35	84	1	3	30	58	56	36	21	93	7	83	62	67	31	38	94	20	12	18	92	23	48	87	11	49	
7	21	88	25	98	62	89	63	17	72	69	53	78	37	67	80	56	63	91	46	84	5	14	35	51	55	54	39	66	36	23	44	92	10	93	42	44	50	8	75	52	95	75	3	59	3	98	21	71	87	
34	55	61	74	34	94	15	95	41	19	100	7	49	14	32	5	32	3	64	33	39	48	62	84	55	25	99	18	3	30	46	3	6	62	4	8	31	55	29	80	80	46	62	21	80	82	42	64	87	47	
60	22	42	94	17	50	59	100	66	27	11	98	22	94	70	64	15	92	1	30	94	1	43	1	54	99	65	43	95	30	13	61	68	65	46	90	26	99	52	30	92	28	90	37	86	53	9	57	15	88	
51	91	95	80	86	25	8	6	41	45	8	19	36	38	57	63	99	21	10	45	86	64	47	3	39	18	43	80	77	21	83	63	23	12	79	15	70	47	100	89	51	68	59	22	96	95	39	51	23	14	
66	82	71	98	69	97	45	13	32	54	55	32	60	70	84	57	4	34	94	67	20	24	53	30	66	3	95	77	1	34	72	90	97	12	50	47	6	33	19	10	59	4	27	74	87	62	71	37	30	23	
93	21	35	83	83	8	14	70	60	76	87	27	33	87	72	48	82	73	55	75	89	84	23	58	36	30	30	21	34	43	37	39	24	57	7	48	7	36	85	55	43	13	42	95	53	18	7	66	86	17	
16	67	49	24	70	98	16	48	11	73	56	70	89	9	53	33	96	22	89	4	43	46	85	56	23	46	13	83	72	37	28	24	66	72	84	62	95	65	91	95	34	19	48	50	7	60	5	58	80	29	
35	66	68	86	39	6	11	81	5	53	92	28	78	66	32	99	32	10	91	17	69	55	23	36	44	3	61	63	90	39	24	61	35	47	59	93	65	51	39	66	27	37	2	77	15	95	48	87	29	85	
23	31	45	10	54	27	64	92	77	23	3	64	47	30	53	25	98	71	100	40	75	47	76	21	92	6	68	23	97	24	66	35	68	23	13	6	69	58	67	8	22	30	41	82	96	25	51	64	87	18	
57	36	7	10	58	7	71	19	8	42	4	3	13	72	36	82	90	70	77	91	24	14	71	93	10	62	65	12	12	57	72	47	23	64	72	12	83	87	22	22	64	88	48	84	61	9	58	18	29	56	
75	42	66	96	26	22	6	34	95	35	39	56	45	74	98	6	11	83	82	66	59	50	41	7	93	4	46	79	50	7	84	59	13	72	70	86	88	90	78	73	51	77	84	87	14	58	60	62	88	18	
95	97	31	71	35	91	94	44	69	100	76	85	38	15	17	28	12	71	31	83	95	75	80	83	42	8	90	15	47	48	62	93	6	12	86	95	63	75	59	89	62	43	41	85	61	96	11	82	71	9	
54	26	83	85	1	79	77	27	71	4	87	38	2	89	26	29	33	40	67	79	39	99	32	62	44	31	26	70	6	7	95	65	69	83	88	63	1	11	96	57	42	97	58	62	4	26	35	33	96	38	
61	64	82	1	17	48	73	47	86	13	33	41	50	55	28	23	32	13	95	35	95	100	21	67	50	55	99	47	33	36	65	51	58	87	90	75	11	95	47	9	63	96	42	94	85	61	62	22	73	78	
98	89	32	32	44	71	83	81	97	39	69	86	42	31	32	52	30	16	81	91	38	70	56	31	8	29	52	100	19	85	91	39	67	22	78	59	96	47	41	40	19	26	84	40	84	36	55	39	7	45	
93	6	28	71	79	27	88	67	53	9	26	82	55	29	85	80	56	37	86	20	4	24	42	38	75	80	30	89	10	55	95	66	8	22	73	89	57	9	40	4	79	16	3	30	57	31	13	60	17	67	
29	66	40	77	69	20	51	83	2	56	72	23	16	94	30	76	34	69	86	18	47	61	55	94	52	80	92	51	59	43	34	27	22	64	51	62	42	63	19	79	76	77	11	70	14	23	70	46	56	60	
47	13	43	99	83	75	78	69	94	14	78	24	38	56	51	80	27	9	18	28	48	56	13	20	95	46	28	68	4	13	19	37	30	88	77	43	97	96	26	16	77	3	89	76	73	62	43	67	59	12	
71	76	86	45	48	86	27	96	12	37	32	10	46	1	34	82	90	88	39	41	67	53	97	12	75	62	90	59	27	42	48	2	41	48	84	41	58	42	84	3	11	89	85	80	30	88	9	49	27	30	
56	82	75	36	39	72	34	65	4	51	93	10	14	15	44	80	43	7	80	69	76	63	45	18	3	21	37	22	74	95	50	77	82	84	87	85	62	94	40	30	70	76	80	58	38	47	99	49	17	27	
36	44	100	77	48	89	91	25	59	88	51	11	57	36	62	13	29	18	47	31	36	15	54	92	59	80	86	96	87	53	7	15	96	61	14	61	4	85	84	57	14	73	30	38	4	7	78	49	18	27	
89	62	14	62	53	32	30	17	68	27	60	67	47	17	20	1	39	80	69	73	22	20	4	23	3	82	53	95	62	18	60	95	25	9	58	96	26	61	36	31	23	62	88	47	7	1	55	4	33	4	
98	56	16	82	30	15	76	49	39	48	97	88	98	39	35	72	54	23	97	9	91	1	62	48	98	42	9	39	71	7	5	48	51	58	60	11	35	62	55	13	70	43	9	99	78	55	32	35	8	97	
9	10	75	16	17	95	16	71	69	73	73	76	61	60	88	98	34	13	89	86	78	64	31	87	21	64	57	51	37	66	58	87	64	18	62	82	33	22	39	60	46	67	49	49	49	4	35	54	100	62	
58	71	28	80	54	48	86	39	47	41	79	82	27	14	64	65	93	74	88	48	3	62	87	11	71	87	15	23	30	86	80	29	87	29	88	71	96	73	7	17	56	59	27	17	18	33	8	100	67	56	
12	66	43	52	11	53	61	82	28	76	24	57	78	95	66	57	33	100	27	94	46	85	78	49	87	47	88	14	23	17	29	85	18	56	18	9	38	78	45	67	60	12	30	27	27	4	97	62	56	58	
