50
1337
21	71	24	15	65	74	54	13	60	27	21	87	100	49	74	97	24	1	81	79	52	77	86	44	19	22	52	29	42	91	30	32	9	27	78	3	59	78	33	74	6	61	93	82	48	69	97	35	72	5	
16	78	5	65	18	91	55	87	47	50	74	73	54	55	22	2	67	88	64	46	52	15	50	13	94	22	74	50	60	20	90	77	86	87	99	25	83	54	10	94	83	55	3	43	29	64	58	99	50	78	
78	37	94	60	97	52	90	53	38	7	40	61	10	8	35	73	66	78	95	35	47	12	84	66	75	11	38	90	87	48	86	55	11	23	79	58	32	72	52	70	90	87	41	46	75	31	70	31	33	5	
5	94	92	56	61	84	10	2	80	70	43	13	83	88	28	74	23	95	6	90	44	88	37	27	59	83	6	85	52	54	51	90	10	65	6	13	8	16	74	45	16	7	42	57	85	6	16	43	43	89	
65	60	56	66	92	41	37	69	72	12	16	72	55	76	57	16	33	43	96	55	45	41	4	54	43	96	33	73	21	71	92	97	14	32	43	35	74	30	1	91	94	39	82	66	15	52	95	11	76	49	
18	97	61	92	27	6	42	13	1	88	75	40	72	47	17	8	10	53	100	51	71	79	27	38	21	17	17	99	74	44	41	26	47	79	71	10	3	99	33	96	60	65	34	87	11	5	95	13	45	96	
91	52	84	41	6	61	65	49	62	22	1	26	71	75	15	66	87	3	34	72	87	48	76	60	44	83	3	8	12	72	43	63	95	86	85	31	44	3	58	26	79	26	81	64	23	17	70	42	27	93	
55	90	10	37	42	65	59	18	36	79	16	72	47	14	38	45	31	29	4	66	9	53	83	39	4	28	17	70	30	29	26	5	37	55	11	81	24	8	97	1	43	50	25	54	88	66	96	94	4	72	
87	53	2	69	13	49	18	1	33	81	77	2	49	29	64	52	19	1	74	30	36	100	48	77	39	49	64	65	23	1	38	54	30	57	52	12	40	44	80	72	96	70	85	75	46	62	86	37	88	87	
47	38	80	72	1	62	36	33	42	6	17	25	73	70	76	93	87	7	22	92	39	11	93	3	72	50	46	92	19	32	67	91	6	57	77	1	91	8	78	55	94	39	11	44	76	73	49	96	21	8	
50	7	70	12	88	22	79	81	6	59	52	77	68	62	91	24	39	14	64	47	46	31	32	65	22	33	40	26	51	6	11	83	45	25	70	95	62	69	75	1	66	69	49	13	40	61	71	71	2	12	
74	40	43	16	75	1	16	77	17	52	58	31	58	11	4	41	95	59	68	9	76	87	9	93	2	61	96	1	65	31	69	18	49	9	16	24	15	45	25	80	73	76	25	17	39	62	60	82	16	21	
73	61	13	72	40	26	72	2	25	77	31	59	83	26	97	35	4	15	48	89	84	66	44	13	93	55	62	13	91	4	3	76	11	29	76	2	13	8	84	70	27	93	54	84	49	19	32	6	59	1	
54	10	83	55	72	71	47	49	73	68	58	83	86	24	82	60	24	44	74	27	98	48	19	52	86	39	21	71	71	39	22	64	43	6	50	39	36	39	58	16	71	56	90	98	11	91	50	2	94	50	
55	8	88	76	47	75	14	29	70	62	11	26	24	1	77	32	52	79	9	5	97	53	9	77	26	10	55	71	95	7	15	63	33	88	69	39	6	39	53	4	94	11	11	99	62	10	92	93	16	70	
22	35	28	57	17	15	38	64	76	91	4	97	82	77	72	69	40	67	57	82	13	71	99	57	80	57	32	59	92	88	79	82	46	58	77	70	18	72	83	36	19	91	39	69	90	96	36	30	77	15	
2	73	74	16	8	66	45	52	93	24	41	35	60	32	69	77	82	16	75	70	43	14	2	53	86	81	16	77	82	27	37	98	100	57	84	81	2	52	90	66	71	42	44	72	21	76	17	86	55	46	
67	66	23	33	10	87	31	19	87	39	95	4	24	52	40	82	17	62	31	13	53	46	81	22	76	59	20	91	94	49	97	55	44	35	56	67	48	51	71	7	72	87	81	30	69	39	80	10	60	87	
88	78	95	43	53	3	29	1	7	14	59	15	44	79	67	16	62	95	36	77	90	29	23	9	29	12	71	11	99	51	89	59	4	100	52	51	87	83	29	25	92	22	11	68	92	9	32	73	84	95	
64	95	6	96	100	34	4	74	22	64	68	48	74	9	57	75	31	36	46	49	53	27	93	28	9	49	24	66	48	99	56	51	51	51	30	32	30	15	11	92	73	67	38	60	30	86	9	64	94	61	
46	35	90	55	51	72	66	30	92	47	9	89	27	5	82	70	13	77	49	59	51	83	83	53	29	22	85	33	24	39	45	41	20	2	58	12	29	45	3	30	35	59	56	45	48	99	76	14	54	26	
52	47	44	45	71	87	9	36	39	46	76	84	98	97	13	43	53	90	53	51	29	21	19	15	6	65	26	87	28	85	45	54	17	23	69	64	42	96	95	61	62	28	29	77	46	55	71	73	44	62	
15	12	88	41	79	48	53	100	11	31	87	66	48	53	71	14	46	29	27	83	21	71	77	42	31	17	35	84	23	100	6	1	23	88	23	66	42	70	16	88	13	13	82	40	45	82	65	77	93	35	
50	84	37	4	27	76	83	48	93	32	9	44	19	9	99	2	81	23	93	83	19	77	94	23	32	60	97	55	55	99	32	76	46	69	54	55	34	86	88	92	61	73	61	10	47	14	40	67	3	31	
13	66	27	54	38	60	39	77	3	65	93	13	52	77	57	53	22	9	28	53	15	42	23	28	68	75	85	94	30	62	60	1	77	69	25	44	57	7	35	2	67	86	97	66	88	28	19	85	97	80	
94	75	59	43	21	44	4	39	72	22	2	93	86	26	80	86	76	29	9	29	6	31	32	68	40	88	12	43	61	60	26	45	46	97	95	65	32	5	81	63	86	72	64	63	92	64	66	22	44	29	
22	11	83	96	17	83	28	49	50	33	61	55	39	10	57	81	59	12	49	22	65	17	60	75	88	13	24	80	53	36	21	40	45	57	77	92	60	78	20	91	56	100	39	2	49	59	94	4	2	26	
74	38	6	33	17	3	17	64	46	40	96	62	21	55	32	16	20	71	24	85	26	35	97	85	12	24	55	53	43	59	45	8	82	7	1	85	59	16	5	70	61	11	32	6	92	51	20	54	81	39	
50	90	85	73	99	8	70	65	92	26	1	13	71	71	59	77	91	11	66	33	87	84	55	94	43	80	53	98	74	22	33	49	32	73	21	100	13	39	20	34	43	77	13	39	90	3	17	48	37	11	
60	87	52	21	74	12	30	23	19	51	65	91	71	95	92	82	94	99	48	24	28	23	55	30	61	53	43	74	64	36	72	12	77	97	100	80	30	56	75	66	54	9	43	45	47	47	5	37	63	49	
20	48	54	71	44	72	29	1	32	6	31	4	39	7	88	27	49	51	99	39	85	100	99	62	60	36	59	22	36	94	95	47	73	54	98	3	60	89	58	57	93	74	44	64	33	76	62	96	57	72	
90	86	51	92	41	43	26	38	67	11	69	3	22	15	79	37	97	89	56	45	45	6	32	60	26	21	45	33	72	95	70	35	1	17	2	22	99	23	83	22	90	3	69	52	27	77	6	70	38	75	
77	55	90	97	26	63	5	54	91	83	18	76	64	63	82	98	55	59	51	41	54	1	76	1	45	40	8	49	12	47	35	35	36	7	28	30	61	94	71	23	24	62	66	2	33	84	40	83	81	31	
86	11	10	14	47	95	37	30	6	45	49	11	43	33	46	100	44	4	51	20	17	23	46	77	46	45	82	32	77	73	1	36	59	53	1	83	45	44	61	3	82	29	69	5	94	74	81	92	18	87	
87	23	65	32	79	86	55	57	57	25	9	29	6	88	58	57	35	100	51	2	23	88	69	69	97	57	7	73	97	54	17	7	53	99	80	83	37	100	7	56	23	17	30	56	41	17	50	58	96	58	
99	79	6	43	71	85	11	52	77	70	16	76	50	69	77	84	56	52	30	58	69	23	54	25	95	77	1	21	100	98	2	28	1	80	37	73	18	92	71	7	83	48	52	59	19	18	74	27	72	73	
25	58	13	35	10	31	81	12	1	95	24	2	39	39	70	81	67	51	32	12	64	66	55	44	65	92	85	100	80	3	22	30	83	83	73	14	7	38	23	26	10	85	69	55	89	11	84	21	23	31	
83	32	8	74	3	44	24	40	91	62	15	13	36	6	18	2	48	87	30	29	42	42	34	57	32	60	59	13	30	60	99	61	45	37	18	7	78	96	79	48	24	39	53	90	63	9	35	11	79	55	
54	72	16	30	99	3	8	44	8	69	45	8	39	39	72	52	51	83	15	45	96	70	86	7	5	78	16	39	56	89	23	94	44	100	92	38	96	7	75	79	72	98	26	77	67	84	66	58	1	20	
10	52	74	1	33	58	97	80	78	75	25	84	58	53	83	90	71	29	11	3	95	16	88	35	81	20	5	20	75	58	83	71	61	7	71	23	79	75	41	20	88	94	14	81	84	81	60	24	22	72	
94	70	45	91	96	26	1	72	55	1	80	70	16	4	36	66	7	25	92	30	61	88	92	2	63	91	70	34	66	57	22	23	3	56	7	26	48	79	20	99	3	4	51	7	92	9	47	72	36	35	
83	90	16	94	60	79	43	96	94	66	73	27	71	94	19	71	72	92	73	35	62	13	61	67	86	56	61	43	54	93	90	24	82	23	83	10	24	72	88	3	57	64	68	57	40	58	32	90	64	21	
55	87	7	39	65	26	50	70	39	69	76	93	56	11	91	42	87	22	67	59	28	13	73	86	72	100	11	77	9	74	3	62	29	17	48	85	39	98	94	4	64	89	54	5	73	48	67	44	80	80	
3	41	42	82	34	81	25	85	11	49	25	54	90	11	39	44	81	11	38	56	29	82	61	97	64	39	32	13	43	44	69	66	69	30	52	69	53	26	14	51	68	54	7	91	63	6	21	26	55	79	
43	46	57	66	87	64	54	75	44	13	17	84	98	99	69	72	30	68	60	45	77	40	10	66	63	2	6	39	45	64	52	2	5	56	59	55	90	77	81	7	57	5	91	2	88	10	26	46	24	42	
29	75	85	15	11	23	88	46	76	40	39	49	11	62	90	21	69	92	30	48	46	45	47	88	92	49	92	90	47	33	27	33	94	41	19	89	63	67	84	92	40	73	63	88	63	41	59	100	37	6	
64	31	6	52	5	17	66	62	73	61	62	19	91	10	96	76	39	9	86	99	55	82	14	28	64	59	51	3	47	76	77	84	74	17	18	11	9	84	81	9	58	48	6	10	41	62	85	46	99	53	
58	70	16	95	95	70	96	86	49	71	60	32	50	92	36	17	80	32	9	76	71	65	40	19	66	94	20	17	5	62	6	40	81	50	74	84	35	66	60	47	32	67	21	26	59	85	56	48	55	73	
99	31	43	11	13	42	94	37	96	71	82	6	2	93	30	86	10	73	64	14	73	77	67	85	22	4	54	48	37	96	70	83	92	58	27	21	11	58	24	72	90	44	26	46	100	46	48	52	22	11	
50	33	43	76	45	27	4	88	21	2	16	59	94	16	77	55	60	84	94	54	44	93	3	97	44	2	81	37	63	57	38	81	18	96	72	23	79	1	22	36	64	80	55	24	37	99	55	22	3	55	
78	5	89	49	96	93	72	87	8	12	21	1	50	70	15	46	87	95	61	26	62	35	31	80	29	26	39	11	49	72	75	31	87	58	73	31	55	20	72	35	21	80	79	42	6	53	73	11	55	63	
