50
1276
11	20	97	61	78	14	2	44	7	69	16	65	8	59	72	76	51	49	34	70	33	21	74	63	8	29	98	57	61	98	66	25	13	48	13	100	20	3	63	53	2	37	45	82	48	33	76	27	74	28	
48	20	15	68	11	49	91	68	79	45	54	86	28	47	15	71	78	55	57	75	79	21	17	23	94	46	62	89	23	59	77	61	78	84	45	33	51	75	21	21	77	52	36	60	96	66	78	39	66	6	
20	42	13	70	71	94	70	18	24	48	69	66	71	7	20	84	72	62	60	68	58	3	24	58	65	20	65	21	60	82	9	19	98	35	100	87	93	64	56	69	67	57	8	72	52	14	48	90	63	6	
15	13	18	39	92	19	15	38	59	80	41	47	81	74	88	10	52	54	38	4	74	64	2	46	63	71	15	26	51	12	96	63	55	48	6	79	58	15	49	100	21	34	76	38	53	51	70	70	82	83	
68	70	39	59	14	70	73	30	32	23	13	91	23	20	11	12	21	22	92	20	24	98	51	91	89	90	72	7	92	14	23	73	71	58	94	97	49	8	84	15	16	57	7	45	69	85	28	65	56	96	
11	71	92	14	29	21	95	77	11	13	11	80	64	29	2	93	36	43	66	2	84	65	11	97	20	37	56	81	2	95	51	82	68	13	34	31	65	78	32	81	86	44	3	98	3	70	95	51	83	67	
49	94	19	70	21	91	38	39	58	82	28	91	89	78	44	23	62	93	15	35	52	44	72	85	86	57	29	73	17	29	100	38	45	84	77	16	33	10	26	64	36	29	98	43	14	38	12	44	40	40	
91	70	15	73	95	38	86	77	49	14	73	79	87	5	95	59	11	29	16	10	7	5	70	61	56	22	23	87	79	66	43	61	31	3	99	95	91	86	90	93	89	50	49	71	28	59	24	89	79	75	
68	18	38	30	77	39	77	18	54	40	42	26	38	62	90	31	46	55	29	10	57	12	87	46	85	79	15	2	13	31	77	17	14	95	44	56	53	57	67	93	20	36	18	73	87	23	13	30	91	89	
79	24	59	32	11	58	49	54	11	89	85	85	62	57	23	51	62	32	63	51	22	43	32	53	37	32	39	22	22	42	87	63	28	37	32	83	13	20	7	35	15	37	51	93	41	40	17	37	23	76	
45	48	80	23	13	82	14	40	89	89	87	66	26	76	43	82	99	50	18	65	30	2	24	43	34	53	100	64	89	56	8	54	8	98	62	76	60	69	78	68	25	53	31	80	58	56	7	27	45	31	
54	69	41	13	11	28	73	42	85	87	5	32	9	38	84	60	53	63	51	2	19	18	54	57	72	85	98	13	16	65	20	38	13	9	56	3	82	9	43	43	81	92	37	38	71	72	35	19	98	58	
86	66	47	91	80	91	79	26	85	66	32	86	4	42	81	58	6	43	11	81	17	42	21	79	32	63	74	76	46	71	74	49	7	7	19	31	58	18	82	70	30	27	14	74	11	31	42	2	91	38	
28	71	81	23	64	89	87	38	62	26	9	4	5	86	97	54	6	31	92	64	11	30	5	74	23	59	94	56	92	2	74	52	85	37	73	63	76	45	54	22	48	8	79	53	65	45	58	79	91	99	
47	7	74	20	29	78	5	62	57	76	38	42	86	73	27	58	67	59	40	78	73	40	29	63	39	47	90	31	95	79	16	27	8	33	93	36	20	36	48	76	55	25	37	25	96	63	83	28	43	72	
15	20	88	11	2	44	95	90	23	43	84	81	97	27	53	78	16	92	49	68	30	30	76	11	21	85	52	4	34	56	51	71	70	80	72	25	83	49	79	91	72	48	100	42	99	14	86	88	11	33	
71	84	10	12	93	23	59	31	51	82	60	58	54	58	78	25	67	14	24	78	92	11	32	54	30	53	67	25	66	40	92	22	52	23	15	88	79	19	86	23	87	78	83	16	9	24	98	21	87	46	
78	72	52	21	36	62	11	46	62	99	53	6	6	67	16	67	60	64	54	9	55	78	71	7	28	75	96	77	22	75	73	13	18	83	36	92	8	52	42	97	55	30	8	13	10	43	42	45	1	56	
55	62	54	22	43	93	29	55	32	50	63	43	31	59	92	14	64	33	15	95	75	19	82	19	19	15	14	68	81	10	2	87	7	23	58	91	76	34	49	64	18	42	48	100	25	79	85	41	8	52	
57	60	38	92	66	15	16	29	63	18	51	11	92	40	49	24	54	15	70	73	5	40	44	26	38	58	62	64	38	34	21	92	82	2	33	100	2	88	58	63	6	40	37	28	86	65	42	2	73	10	
75	68	4	20	2	35	10	10	51	65	2	81	64	78	68	78	9	95	73	33	73	93	53	59	21	14	100	10	4	61	82	35	62	66	83	10	43	3	90	45	83	90	90	22	57	23	50	63	48	72	
79	58	74	24	84	52	7	57	22	30	19	17	11	73	30	92	55	75	5	73	49	39	3	85	8	77	14	55	8	54	17	46	38	27	93	24	47	72	33	36	36	31	64	67	1	8	64	32	63	74	
21	3	64	98	65	44	5	12	43	2	18	42	30	40	30	11	78	19	40	93	39	70	96	91	56	78	70	6	77	38	86	39	79	84	56	20	91	56	70	59	62	50	16	7	97	27	49	26	48	50	
17	24	2	51	11	72	70	87	32	24	54	21	5	29	76	32	71	82	44	53	3	96	18	58	53	49	93	22	70	2	75	14	72	29	1	61	4	48	80	97	59	35	49	19	56	31	7	65	15	94	
23	58	46	91	97	85	61	46	53	43	57	79	74	63	11	54	7	19	26	59	85	91	58	16	41	40	2	4	40	1	65	78	96	8	65	98	99	85	45	29	68	63	30	82	23	66	40	88	86	4	
94	65	63	89	20	86	56	85	37	34	72	32	23	39	21	30	28	19	38	21	8	56	53	41	78	78	33	49	32	13	83	58	37	79	91	16	24	85	76	69	1	98	1	30	55	81	87	38	38	45	
46	20	71	90	37	57	22	79	32	53	85	63	59	47	85	53	75	15	58	14	77	78	49	40	78	11	9	8	3	88	53	32	86	92	53	1	61	75	30	36	80	22	22	26	59	13	76	44	94	46	
62	65	15	72	56	29	23	15	39	100	98	74	94	90	52	67	96	14	62	100	14	70	93	2	33	9	69	9	93	41	61	36	50	70	70	39	72	78	49	49	88	61	83	59	61	15	47	73	53	66	
89	21	26	7	81	73	87	2	22	64	13	76	56	31	4	25	77	68	64	10	55	6	22	4	49	8	9	16	37	49	94	47	53	29	24	49	75	55	80	27	32	18	8	65	73	78	13	27	93	45	
23	60	51	92	2	17	79	13	22	89	16	46	92	95	34	66	22	81	38	4	8	77	70	40	32	3	93	37	11	68	59	5	99	90	53	22	87	7	69	31	20	49	34	28	89	10	65	49	69	83	
59	82	12	14	95	29	66	31	42	56	65	71	2	79	56	40	75	10	34	61	54	38	2	1	13	88	41	49	68	12	39	73	53	66	37	33	43	58	70	26	19	97	98	92	60	50	80	45	61	32	
77	9	96	23	51	100	43	77	87	8	20	74	74	16	51	92	73	2	21	82	17	86	75	65	83	53	61	94	59	39	59	74	22	91	61	8	69	27	68	99	13	4	14	67	91	58	88	7	90	7	
61	19	63	73	82	38	61	17	63	54	38	49	52	27	71	22	13	87	92	35	46	39	14	78	58	32	36	47	5	73	74	90	65	25	63	58	74	32	85	17	37	21	48	81	20	19	65	81	19	37	
78	98	55	71	68	45	31	14	28	8	13	7	85	8	70	52	18	7	82	62	38	79	72	96	37	86	50	53	99	53	22	65	46	26	40	18	65	42	18	66	84	100	74	7	98	26	76	98	98	66	
84	35	48	58	13	84	3	95	37	98	9	7	37	33	80	23	83	23	2	66	27	84	29	8	79	92	70	29	90	66	91	25	26	84	88	63	7	59	50	85	73	87	58	50	28	4	30	84	18	80	
45	100	6	94	34	77	99	44	32	62	56	19	73	93	72	15	36	58	33	83	93	56	1	65	91	53	70	24	53	37	61	63	40	88	48	81	75	69	93	4	77	92	34	80	64	19	94	82	19	74	
33	87	79	97	31	16	95	56	83	76	3	31	63	36	25	88	92	91	100	10	24	20	61	98	16	1	39	49	22	33	8	58	18	63	81	13	81	79	11	17	35	69	51	7	81	18	91	80	96	90	
51	93	58	49	65	33	91	53	13	60	82	58	76	20	83	79	8	76	2	43	47	91	4	99	24	61	72	75	87	43	69	74	65	7	75	81	28	40	84	44	6	27	4	5	3	88	93	41	7	50	
75	64	15	8	78	10	86	57	20	69	9	18	45	36	49	19	52	34	88	3	72	56	48	85	85	75	78	55	7	58	27	32	42	59	69	79	40	24	32	91	45	49	27	45	42	67	61	32	58	60	
21	56	49	84	32	26	90	67	7	78	43	82	54	48	79	86	42	49	58	90	33	70	80	45	76	30	49	80	69	70	68	85	18	50	93	11	84	32	33	59	97	7	33	93	99	75	25	32	1	76	
21	69	100	15	81	64	93	93	35	68	43	70	22	76	91	23	97	64	63	45	36	59	97	29	69	36	49	27	31	26	99	17	66	85	4	17	44	91	59	46	26	87	75	93	65	7	10	7	76	9	
77	67	21	16	86	36	89	20	15	25	81	30	48	55	72	87	55	18	6	83	36	62	59	68	1	80	88	32	20	19	13	37	84	73	77	35	6	45	97	26	44	52	86	20	84	17	3	78	76	59	
52	57	34	57	44	29	50	36	37	53	92	27	8	25	48	78	30	42	40	90	31	50	35	63	98	22	61	18	49	97	4	21	100	87	92	69	27	49	7	87	52	12	92	64	7	21	31	40	98	81	
36	8	76	7	3	98	49	18	51	31	37	14	79	37	100	83	8	48	37	90	64	16	49	30	1	22	83	8	34	98	14	48	74	58	34	51	4	27	33	75	86	92	84	26	49	90	64	2	77	74	
60	72	38	45	98	43	71	73	93	80	38	74	53	25	42	16	13	100	28	22	67	7	19	82	30	26	59	65	28	92	67	81	7	50	80	7	5	45	93	93	20	64	26	94	22	65	5	48	51	30	
96	52	53	69	3	14	28	87	41	58	71	11	65	96	99	9	10	25	86	57	1	97	56	23	55	59	61	73	89	60	91	20	98	28	64	81	3	42	99	65	84	7	49	22	44	71	10	45	21	40	
66	14	51	85	70	38	59	23	40	56	72	31	45	63	14	24	43	79	65	23	8	27	31	66	81	13	15	78	10	50	58	19	26	4	19	18	88	67	75	7	17	21	90	65	71	66	99	82	72	15	
78	48	70	28	95	12	24	13	17	7	35	42	58	83	86	98	42	85	42	50	64	49	7	40	87	76	47	13	65	80	88	65	76	30	94	91	93	61	25	10	3	31	64	5	10	99	43	19	91	13	
39	90	70	65	51	44	89	30	37	27	19	2	79	28	88	21	45	41	2	63	32	26	65	88	38	44	73	27	49	45	7	81	98	84	82	80	41	32	32	7	78	40	2	48	45	82	19	77	99	38	
66	63	82	56	83	40	79	91	23	45	98	91	91	43	11	87	1	8	73	48	63	48	15	86	38	94	53	93	69	61	90	19	98	18	19	96	7	58	1	76	76	98	77	51	21	72	91	99	86	82	
6	6	83	96	67	40	75	89	76	31	58	38	99	72	33	46	56	52	10	72	74	50	94	4	45	46	66	45	83	32	7	37	66	80	74	90	50	60	76	9	59	81	74	30	40	15	13	38	82	57	
