50
1415
59	60	96	99	78	72	53	92	43	15	100	46	98	52	79	97	59	16	10	52	92	2	80	10	66	21	46	1	38	58	95	79	47	87	9	96	52	55	48	96	83	65	87	13	28	58	100	89	49	24	
70	88	99	40	12	34	35	10	21	80	51	72	45	55	74	85	98	79	87	43	2	3	14	5	16	36	9	81	85	44	43	42	27	50	90	12	78	30	63	91	80	45	97	97	77	43	23	12	46	71	
88	3	78	76	78	21	30	16	16	24	99	72	40	77	100	84	43	95	39	18	72	34	57	25	47	55	25	7	83	5	4	60	4	4	11	28	66	28	40	50	59	50	7	72	23	20	96	40	27	46	
99	78	36	49	18	74	100	23	8	25	8	75	38	29	27	78	85	82	11	51	89	26	43	73	76	72	17	7	65	83	20	63	76	48	85	46	79	27	76	16	4	92	77	89	32	8	66	13	54	52	
40	76	49	53	26	51	60	81	31	28	14	100	16	80	56	55	13	28	31	85	74	63	86	90	30	17	19	26	41	17	85	96	87	84	41	66	64	52	34	5	63	37	96	98	69	47	25	81	36	88	
12	78	18	26	32	84	100	83	55	33	8	85	67	9	30	96	58	63	96	59	80	82	26	14	59	86	73	21	13	13	53	41	60	62	73	70	70	61	24	48	72	14	100	18	95	83	24	56	99	44	
34	21	74	51	84	77	21	42	54	20	21	39	83	52	71	1	7	1	79	60	98	33	46	78	80	8	29	86	97	94	76	17	29	64	33	87	42	73	74	72	47	50	33	47	99	28	72	86	83	58	
35	30	100	60	100	21	48	38	11	15	84	31	100	21	72	21	88	96	83	25	21	26	59	64	16	8	71	53	93	22	18	39	2	75	48	80	3	96	30	93	47	64	65	37	6	58	66	8	5	59	
10	16	23	81	83	42	38	35	86	69	36	73	92	59	7	41	27	13	97	38	97	91	16	65	42	71	62	39	54	57	69	66	39	66	99	22	13	53	79	46	53	28	64	36	44	35	55	99	97	58	
21	16	8	31	55	54	11	86	45	2	74	23	41	23	58	76	40	50	65	29	45	88	95	27	91	18	33	20	69	54	47	21	4	33	9	79	53	14	16	66	100	94	83	56	4	50	44	13	13	98	
80	24	25	28	33	20	15	69	2	47	13	95	50	43	50	30	37	40	8	68	51	71	54	91	74	58	39	52	81	90	98	6	36	30	86	53	42	18	53	86	76	42	99	44	49	11	20	49	83	51	
51	99	8	14	8	21	84	36	74	13	13	6	5	38	52	17	85	2	33	91	84	51	14	75	89	77	24	73	41	63	15	25	2	71	60	99	28	8	76	17	19	34	2	83	24	28	83	9	6	73	
72	72	75	100	85	39	31	73	23	95	6	19	51	67	84	40	23	81	88	87	6	86	99	79	90	25	10	93	73	27	71	4	98	88	64	93	5	32	46	20	2	16	32	69	77	79	10	23	20	57	
45	40	38	16	67	83	100	92	41	50	5	51	3	17	71	5	46	11	82	83	57	74	81	3	2	96	10	48	46	4	86	64	87	100	28	94	15	38	20	89	99	78	100	57	40	35	26	83	49	64	
55	77	29	80	9	52	21	59	23	43	38	67	17	79	72	73	10	87	26	83	12	90	74	49	92	56	30	91	21	67	62	7	86	39	9	13	24	23	47	66	82	10	62	14	55	73	16	99	68	81	
74	100	27	56	30	71	72	7	58	50	52	84	71	72	89	86	58	33	82	99	59	63	11	91	12	86	63	26	37	81	93	70	45	50	33	30	75	55	5	61	68	16	75	73	21	4	84	24	57	72	
85	84	78	55	96	1	21	41	76	30	17	40	5	73	86	54	36	36	60	78	84	25	98	84	6	80	93	91	57	37	65	15	63	23	51	77	24	42	65	50	26	1	58	79	47	91	66	2	67	81	
98	43	85	13	58	7	88	27	40	37	85	23	46	10	58	36	61	13	43	2	49	21	57	76	31	65	98	39	29	89	40	49	9	69	88	82	92	84	84	41	48	63	57	49	71	59	34	13	97	76	
79	95	82	28	63	1	96	13	50	40	2	81	11	87	33	36	13	48	89	65	42	91	87	23	69	5	48	22	36	39	11	66	84	81	76	67	83	72	24	76	61	78	17	66	4	4	16	37	85	22	
87	39	11	31	96	79	83	97	65	8	33	88	82	26	82	60	43	89	45	83	17	60	51	58	24	48	68	78	8	93	17	3	83	82	57	63	46	6	9	52	73	82	49	16	2	97	90	51	31	94	
43	18	51	85	59	60	25	38	29	68	91	87	83	83	99	78	2	65	83	90	12	36	33	39	39	70	89	56	68	43	26	13	14	92	51	86	98	78	99	100	11	69	61	72	81	87	25	39	47	43	
2	72	89	74	80	98	21	97	45	51	84	6	57	12	59	84	49	42	17	12	26	95	75	39	2	27	30	70	5	55	19	77	49	9	65	60	21	31	86	18	90	24	92	5	2	70	7	60	97	33	
3	34	26	63	82	33	26	91	88	71	51	86	74	90	63	25	21	91	60	36	95	34	19	75	28	98	100	52	39	73	34	66	23	18	96	17	46	16	34	38	19	76	23	85	26	85	65	42	96	4	
14	57	43	86	26	46	59	16	95	54	14	99	81	74	11	98	57	87	51	33	75	19	30	56	32	93	60	63	29	38	84	4	46	88	47	50	71	86	70	62	40	49	59	70	46	60	61	75	7	26	
5	25	73	90	14	78	64	65	27	91	75	79	3	49	91	84	76	23	58	39	39	75	56	78	57	99	53	77	70	67	89	29	92	86	51	31	5	49	70	57	19	57	21	73	37	64	13	18	52	63	
16	47	76	30	59	80	16	42	91	74	89	90	2	92	12	6	31	69	24	39	2	28	32	57	45	51	13	91	12	67	81	80	42	42	84	1	6	13	82	48	70	31	79	63	75	77	10	25	98	54	
36	55	72	17	86	8	8	71	18	58	77	25	96	56	86	80	65	5	48	70	27	98	93	99	51	21	28	79	83	58	50	37	29	22	35	36	93	41	14	76	32	97	17	66	1	68	38	86	10	48	
9	25	17	19	73	29	71	62	33	39	24	10	10	30	63	93	98	48	68	89	30	100	60	53	13	28	46	56	24	20	8	34	11	48	2	47	29	40	88	93	53	14	23	46	74	77	77	66	45	93	
81	7	7	26	21	86	53	39	20	52	73	93	48	91	26	91	39	22	78	56	70	52	63	77	91	79	56	15	100	44	34	16	51	66	82	33	68	33	70	24	24	59	5	26	45	78	24	44	7	2	
85	83	65	41	13	97	93	54	69	81	41	73	46	21	37	57	29	36	8	68	5	39	29	70	12	83	24	100	35	73	40	96	44	41	7	12	71	52	27	96	60	91	8	66	38	20	77	96	80	45	
44	5	83	17	13	94	22	57	54	90	63	27	4	67	81	37	89	39	93	43	55	73	38	67	67	58	20	44	73	66	44	60	85	93	10	98	14	91	14	25	34	28	75	59	14	14	64	79	7	11	
43	4	20	85	53	76	18	69	47	98	15	71	86	62	93	65	40	11	17	26	19	34	84	89	81	50	8	34	40	44	7	49	10	9	18	63	98	53	60	81	7	72	8	10	70	20	100	75	99	61	
42	60	63	96	41	17	39	66	21	6	25	4	64	7	70	15	49	66	3	13	77	66	4	29	80	37	34	16	96	60	49	91	13	22	59	13	50	89	36	84	51	22	46	15	54	14	60	9	100	40	
27	4	76	87	60	29	2	39	4	36	2	98	87	86	45	63	9	84	83	14	49	23	46	92	42	29	11	51	44	85	10	13	86	32	77	40	47	15	4	77	69	56	46	60	52	2	81	5	14	15	
50	4	48	84	62	64	75	66	33	30	71	88	100	39	50	23	69	81	82	92	9	18	88	86	42	22	48	66	41	93	9	22	32	85	18	60	44	51	78	87	48	66	72	81	76	57	61	1	75	40	
90	11	85	41	73	33	48	99	9	86	60	64	28	9	33	51	88	76	57	51	65	96	47	51	84	35	2	82	7	10	18	59	77	18	66	45	90	57	8	31	67	30	100	94	24	85	26	6	40	13	
12	28	46	66	70	87	80	22	79	53	99	93	94	13	30	77	82	67	63	86	60	17	50	31	1	36	47	33	12	98	63	13	40	60	45	1	73	75	76	92	45	11	83	38	84	43	94	80	62	68	
78	66	79	64	70	42	3	13	53	42	28	5	15	24	75	24	92	83	46	98	21	46	71	5	6	93	29	68	71	14	98	50	47	44	90	73	46	66	27	53	88	13	13	61	29	12	18	32	42	17	
30	28	27	52	61	73	96	53	14	18	8	32	38	23	55	42	84	72	6	78	31	16	86	49	13	41	40	33	52	91	53	89	15	51	57	75	66	75	95	7	93	91	35	3	84	78	82	95	56	52	
63	40	76	34	24	74	30	79	16	53	76	46	20	47	5	65	84	24	9	99	86	34	70	70	82	14	88	70	27	14	60	36	4	78	8	76	27	95	100	21	46	22	3	8	65	55	83	27	94	48	
91	50	16	5	48	72	93	46	66	86	17	20	89	66	61	50	41	76	52	100	18	38	62	57	48	76	93	24	96	25	81	84	77	87	31	92	53	7	21	2	82	32	15	69	54	62	73	87	67	46	
80	59	4	63	72	47	47	53	100	76	19	2	99	82	68	26	48	61	73	11	90	19	40	19	70	32	53	24	60	34	7	51	69	48	67	45	88	93	46	82	14	8	99	49	87	44	75	40	71	37	
45	50	92	37	14	50	64	28	94	42	34	16	78	10	16	1	63	78	82	69	24	76	49	57	31	97	14	59	91	28	72	22	56	66	30	11	13	91	22	32	8	95	87	32	72	41	81	61	48	62	
97	7	77	96	100	33	65	64	83	99	2	32	100	62	75	58	57	17	49	61	92	23	59	21	79	17	23	5	8	75	8	46	46	72	100	83	13	35	3	15	99	87	98	2	26	9	56	8	32	77	
97	72	89	98	18	47	37	36	56	44	83	69	57	14	73	79	49	66	16	72	5	85	70	73	63	66	46	26	66	59	10	15	60	81	94	38	61	3	8	69	49	32	2	92	2	13	10	27	97	56	
77	23	32	69	95	99	6	44	4	49	24	77	40	55	21	47	71	4	2	81	2	26	46	37	75	1	74	45	38	14	70	54	52	76	24	84	29	84	65	54	87	72	26	2	92	19	30	30	30	58	
43	20	8	47	83	28	58	35	50	11	28	79	35	73	4	91	59	4	97	87	70	85	60	64	77	68	77	78	20	14	20	14	2	57	85	43	12	78	55	62	44	41	9	13	19	92	80	87	32	8	
23	96	66	25	24	72	66	55	44	20	83	10	26	16	84	66	34	16	90	25	7	65	61	13	10	38	77	24	77	64	100	60	81	61	26	94	18	82	83	73	75	81	56	10	30	80	27	23	97	99	
12	40	13	81	56	86	8	99	13	49	9	23	83	99	24	2	13	37	51	39	60	42	75	18	25	86	66	44	96	79	75	9	5	1	6	80	32	95	27	87	40	61	8	27	30	87	23	88	43	32	
46	27	54	36	99	83	5	97	13	83	6	20	49	68	57	67	97	85	31	47	97	96	7	52	98	10	45	7	80	7	99	100	14	75	40	62	42	56	94	67	71	48	32	97	30	32	97	43	59	51	
71	46	52	88	44	58	59	58	98	51	73	57	64	81	72	81	76	22	94	43	33	4	26	63	54	48	93	2	45	11	61	40	15	40	13	68	17	52	48	46	37	62	77	56	58	8	99	32	51	90	
