50
1112
37	67	3	52	86	63	25	82	76	80	6	70	86	38	59	24	30	64	60	54	64	57	5	44	6	13	8	91	74	40	7	13	2	1	2	49	86	85	80	39	72	24	5	15	1	48	63	5	1	67	
99	2	15	68	72	74	94	45	52	18	90	33	46	24	63	14	39	65	31	66	19	90	5	47	75	59	97	94	21	24	90	69	68	60	26	44	4	92	50	87	9	74	80	29	90	84	71	32	83	14	
2	79	58	94	91	96	54	18	51	27	11	64	26	80	62	13	73	67	79	6	90	26	20	80	58	72	51	93	93	62	92	81	37	3	50	51	49	78	57	45	65	38	100	88	44	65	95	5	11	73	
15	58	52	13	43	19	97	97	43	35	79	40	77	94	49	21	52	25	37	29	92	52	53	99	46	61	76	79	18	64	26	40	96	27	36	89	54	64	43	76	51	8	96	16	70	19	94	5	96	12	
68	94	13	62	36	15	75	91	36	81	18	9	88	73	66	80	34	23	11	60	1	12	39	14	32	11	71	85	67	54	92	17	33	36	37	76	62	90	96	50	7	19	34	65	40	66	51	1	72	70	
72	91	43	36	50	54	45	91	7	27	80	95	32	98	72	57	34	93	48	35	92	10	11	49	32	42	19	26	83	86	83	98	14	98	46	57	68	23	30	26	37	57	77	1	10	27	98	15	99	69	
74	96	19	15	54	87	16	74	18	15	83	27	37	61	12	34	54	18	10	33	53	17	14	17	37	84	42	50	81	67	38	75	79	99	79	79	97	5	61	84	89	19	35	82	56	16	40	7	83	86	
94	54	97	75	45	16	27	90	99	46	10	33	60	100	53	50	97	49	31	1	66	56	49	93	61	26	62	69	29	3	54	30	82	97	74	60	99	35	98	55	67	17	34	39	52	88	88	30	34	98	
45	18	97	91	91	74	90	15	43	21	82	100	61	87	85	40	83	65	99	89	34	66	49	18	91	57	88	88	33	9	54	90	42	41	2	97	9	47	42	57	38	80	12	11	87	68	87	86	63	54	
52	51	43	36	7	18	99	43	52	27	3	91	58	21	81	84	4	97	7	38	90	100	84	2	87	14	32	65	100	77	39	64	26	93	97	98	65	47	35	36	63	11	7	93	7	11	24	92	78	5	
18	27	35	81	27	15	46	21	27	51	29	9	15	20	77	38	14	28	49	18	23	77	74	8	26	100	58	12	96	4	11	44	55	14	33	70	38	66	58	91	43	8	77	89	32	68	98	14	78	64	
90	11	79	18	80	83	10	82	3	29	76	66	88	3	40	85	50	36	58	100	12	28	50	37	47	28	36	73	88	40	44	50	51	88	45	1	61	74	7	66	45	7	3	98	20	71	71	70	91	55	
33	64	40	9	95	27	33	100	91	9	66	77	11	65	87	77	57	95	19	28	10	74	65	51	46	53	64	5	38	20	100	22	44	48	85	79	20	82	45	20	96	28	98	84	41	79	49	50	61	30	
46	26	77	88	32	37	60	61	58	15	88	11	54	81	23	54	57	48	17	38	87	8	39	51	17	18	75	100	100	81	38	28	1	44	95	19	53	44	96	29	81	59	51	39	43	50	82	43	30	51	
24	80	94	73	98	61	100	87	21	20	3	65	81	78	100	47	86	81	32	81	1	72	69	55	42	18	75	35	62	40	51	31	4	53	8	48	31	32	51	90	95	23	73	76	85	62	34	72	41	58	
63	62	49	66	72	12	53	85	81	77	40	87	23	100	85	80	51	23	81	21	50	40	70	25	12	48	6	5	33	82	24	8	77	63	35	71	79	56	24	55	90	41	61	79	37	43	40	29	22	14	
14	13	21	80	57	34	50	40	84	38	85	77	54	47	80	75	74	63	35	77	21	76	7	5	91	80	29	71	51	39	41	44	70	17	52	75	13	26	30	66	67	75	79	32	88	20	45	82	73	40	
39	73	52	34	34	54	97	83	4	14	50	57	57	86	51	74	19	52	98	76	7	42	31	45	13	24	55	94	30	100	82	11	82	27	27	76	4	81	69	51	73	40	19	70	4	33	97	65	31	3	
65	67	25	23	93	18	49	65	97	28	36	95	48	81	23	63	52	66	8	87	92	76	47	76	59	7	95	50	10	53	32	19	91	4	75	75	69	6	98	7	24	4	74	97	58	64	3	44	58	75	
31	79	37	11	48	10	31	99	7	49	58	19	17	32	81	35	98	8	63	47	37	17	80	54	11	44	51	84	39	24	20	82	53	31	27	67	85	76	47	99	91	99	38	97	76	64	34	11	61	66	
66	6	29	60	35	33	1	89	38	18	100	28	38	81	21	77	76	87	47	84	5	97	15	22	60	26	56	64	6	13	58	4	18	68	35	27	12	1	28	93	96	83	40	66	11	57	10	61	79	21	
19	90	92	1	92	53	66	34	90	23	12	10	87	1	50	21	7	92	37	5	96	24	77	61	84	52	80	20	2	5	88	49	57	89	46	79	3	81	91	5	18	63	36	88	54	39	57	92	70	51	
90	26	52	12	10	17	56	66	100	77	28	74	8	72	40	76	42	76	17	97	24	86	34	23	64	54	45	74	55	2	95	100	84	83	3	19	69	13	21	72	12	60	51	96	99	38	82	11	87	2	
5	20	53	39	11	14	49	49	84	74	50	65	39	69	70	7	31	47	80	15	77	34	39	15	35	77	86	100	27	5	55	85	83	95	91	100	43	99	35	1	61	20	17	92	12	2	16	37	70	95	
47	80	99	14	49	17	93	18	2	8	37	51	51	55	25	5	45	76	54	22	61	23	15	8	17	87	36	27	38	45	58	88	38	84	13	58	85	3	95	64	96	53	57	30	46	48	19	12	42	37	
75	58	46	32	32	37	61	91	87	26	47	46	17	42	12	91	13	59	11	60	84	64	35	17	96	82	38	36	91	68	82	90	62	37	45	81	96	15	4	48	65	83	15	20	84	41	96	64	91	73	
59	72	61	11	42	84	26	57	14	100	28	53	18	18	48	80	24	7	44	26	52	54	77	87	82	67	68	44	20	51	66	92	63	69	91	7	31	1	36	31	16	55	95	27	85	5	78	99	48	54	
97	51	76	71	19	42	62	88	32	58	36	64	75	75	6	29	55	95	51	56	80	45	86	36	38	68	84	18	22	7	61	95	19	48	31	73	36	20	83	41	3	83	33	76	58	52	10	48	13	5	
94	93	79	85	26	50	69	88	65	12	73	5	100	35	5	71	94	50	84	64	20	74	100	27	36	44	18	49	45	10	59	47	52	22	38	64	100	5	98	19	32	48	30	96	74	34	32	25	64	76	
21	93	18	67	83	81	29	33	100	96	88	38	100	62	33	51	30	10	39	6	2	55	27	38	91	20	22	45	14	53	72	100	59	32	29	83	17	5	97	14	52	14	20	85	59	68	50	1	39	87	
24	62	64	54	86	67	3	9	77	4	40	20	81	40	82	39	100	53	24	13	5	2	5	45	68	51	7	10	53	94	62	80	99	18	11	31	2	95	11	44	90	66	14	41	41	77	99	13	69	80	
90	92	26	92	83	38	54	54	39	11	44	100	38	51	24	41	82	32	20	58	88	95	55	58	82	66	61	59	72	62	22	99	60	5	23	100	53	42	72	53	48	5	36	58	41	22	74	52	4	69	
69	81	40	17	98	75	30	90	64	44	50	22	28	31	8	44	11	19	82	4	49	100	85	88	90	92	95	47	100	80	99	3	11	36	95	45	10	19	57	15	16	65	13	91	49	58	66	6	74	98	
68	37	96	33	14	79	82	42	26	55	51	44	1	4	77	70	82	91	53	18	57	84	83	38	62	63	19	52	59	99	60	11	34	67	36	33	82	24	68	2	18	96	31	10	98	8	28	79	26	31	
60	3	27	36	98	99	97	41	93	14	88	48	44	53	63	17	27	4	31	68	89	83	95	84	37	69	48	22	32	18	5	36	67	91	74	45	49	37	12	20	30	11	86	78	28	17	4	27	71	17	
26	50	36	37	46	79	74	2	97	33	45	85	95	8	35	52	27	75	27	35	46	3	91	13	45	91	31	38	29	11	23	95	36	74	67	3	34	25	97	11	81	64	81	9	62	77	49	10	6	12	
44	51	89	76	57	79	60	97	98	70	1	79	19	48	71	75	76	75	67	27	79	19	100	58	81	7	73	64	83	31	100	45	33	45	3	97	20	44	100	67	58	51	64	91	100	78	21	42	47	43	
4	49	54	62	68	97	99	9	65	38	61	20	53	31	79	13	4	69	85	12	3	69	43	85	96	31	36	100	17	2	53	10	82	49	34	20	60	80	38	87	70	38	49	10	48	72	45	51	80	87	
92	78	64	90	23	5	35	47	47	66	74	82	44	32	56	26	81	6	76	1	81	13	99	3	15	1	20	5	5	95	42	19	24	37	25	44	80	33	33	99	65	100	46	1	7	58	66	28	63	72	
50	57	43	96	30	61	98	42	35	58	7	45	96	51	24	30	69	98	47	28	91	21	35	95	4	36	83	98	97	11	72	57	68	12	97	100	38	33	97	61	1	31	18	80	17	2	56	20	76	33	
87	45	76	50	26	84	55	57	36	91	66	20	29	90	55	66	51	7	99	93	5	72	1	64	48	31	41	19	14	44	53	15	2	20	11	67	87	99	61	4	21	60	41	43	21	92	18	5	10	38	
9	65	51	7	37	89	67	38	63	43	45	96	81	95	90	67	73	24	91	96	18	12	61	96	65	16	3	32	52	90	48	16	18	30	81	58	70	65	1	21	70	46	82	99	63	8	56	54	78	41	
74	38	8	19	57	19	17	80	11	8	7	28	59	23	41	75	40	4	99	83	63	60	20	53	83	55	83	48	14	66	5	65	96	11	64	51	38	100	31	60	46	73	70	23	19	36	13	72	50	29	
80	100	96	34	77	35	34	12	7	77	3	98	51	73	61	79	19	74	38	40	36	51	17	57	15	95	33	30	20	14	36	13	31	86	81	64	49	46	18	41	82	70	20	23	21	21	22	86	65	91	
29	88	16	65	1	82	39	11	93	89	98	84	39	76	79	32	70	97	97	66	88	96	92	30	20	27	76	96	85	41	58	91	10	78	9	91	10	1	80	43	99	23	23	12	90	9	74	10	70	88	
90	44	70	40	10	56	52	87	7	32	20	41	43	85	37	88	4	58	76	11	54	99	12	46	84	85	58	74	59	41	41	49	98	28	62	100	48	7	17	21	63	19	21	90	61	60	48	9	56	59	
84	65	19	66	27	16	88	68	11	68	71	79	50	62	43	20	33	64	64	57	39	38	2	48	41	5	52	34	68	77	22	58	8	17	77	78	72	58	2	92	8	36	21	9	60	73	63	94	9	84	
71	95	94	51	98	40	88	87	24	98	71	49	82	34	40	45	97	3	34	10	57	82	16	19	96	78	10	32	50	99	74	66	28	4	49	21	45	66	56	18	56	13	22	74	48	63	42	68	69	52	
32	5	5	1	15	7	30	86	92	14	70	50	43	72	29	82	65	44	11	61	92	11	37	12	64	99	48	25	1	13	52	6	79	27	10	42	51	28	20	5	54	72	86	10	9	94	68	96	26	26	
83	11	96	72	99	83	34	63	78	78	91	61	30	41	22	73	31	58	61	79	70	87	70	42	91	48	13	64	39	69	4	74	26	71	6	47	80	63	76	10	78	50	65	70	56	9	69	26	85	41	
14	73	12	70	69	86	98	54	5	64	55	30	51	58	14	40	3	75	66	21	51	2	95	37	73	54	5	76	87	80	69	98	31	17	12	43	87	72	33	38	41	29	91	88	59	84	52	26	41	80	
