50
1155
58	27	26	3	21	25	96	46	51	92	94	82	85	19	86	48	56	83	95	99	5	56	40	75	8	45	100	75	34	20	4	2	66	20	64	94	89	2	12	65	64	65	73	44	40	8	97	99	39	44	
55	60	15	47	34	75	75	66	93	56	61	36	48	14	15	56	12	20	79	58	5	26	36	50	30	79	16	18	81	34	9	19	49	35	18	42	8	13	38	88	42	88	99	43	95	61	70	6	19	98	
60	41	57	46	2	89	40	71	47	37	94	38	91	53	60	34	93	96	12	2	92	35	60	57	15	26	60	6	45	87	49	81	43	36	44	17	42	48	22	7	38	14	49	51	99	62	63	28	56	20	
15	57	10	72	29	94	57	93	33	98	100	3	9	88	15	35	87	61	76	69	98	54	22	82	9	94	94	27	56	46	22	95	65	2	39	25	3	15	20	72	57	65	22	13	43	84	78	44	31	96	
47	46	72	54	67	38	3	21	3	35	79	4	70	82	71	68	55	68	15	69	67	21	19	93	34	15	24	97	12	6	71	99	81	58	77	89	10	48	73	88	25	18	23	69	5	55	64	56	32	86	
34	2	29	67	7	22	99	74	60	50	98	1	41	58	19	29	44	64	53	46	92	54	40	58	19	81	79	74	76	83	23	27	35	97	60	56	66	36	28	25	61	46	13	11	2	81	33	57	7	74	
75	89	94	38	22	56	79	26	45	1	80	19	60	32	48	56	72	78	41	22	18	65	2	45	29	73	68	47	42	67	41	27	30	28	29	41	11	57	87	28	88	43	87	77	69	58	88	53	59	12	
75	40	57	3	99	79	69	78	35	71	97	20	22	39	78	38	88	78	20	44	63	45	49	54	60	42	21	67	61	1	21	59	28	8	78	95	35	65	18	66	83	81	30	6	39	31	9	8	94	63	
66	71	93	21	74	26	78	51	2	64	21	54	23	39	89	78	46	19	57	5	91	82	5	46	48	65	87	67	29	22	39	61	69	35	34	7	54	61	77	29	71	87	79	48	41	60	68	76	96	44	
93	47	33	3	60	45	35	2	74	32	44	13	58	17	58	87	6	34	15	31	84	20	16	45	99	30	30	38	24	7	22	63	55	17	54	82	25	88	98	95	85	3	9	64	27	17	75	80	47	57	
56	37	98	35	50	1	71	64	32	39	69	95	24	14	63	90	3	98	51	86	68	9	92	48	82	31	38	25	31	37	95	7	50	40	3	38	65	22	4	35	38	52	69	41	61	20	91	68	3	61	
61	94	100	79	98	80	97	21	44	69	49	18	3	71	10	32	75	20	60	50	17	52	18	45	53	19	21	21	18	25	2	6	56	4	52	30	81	52	27	3	41	56	73	42	62	83	10	41	43	9	
36	38	3	4	1	19	20	54	13	95	18	38	99	67	1	98	58	58	17	58	90	34	19	28	33	4	33	21	97	43	87	20	11	74	41	24	31	77	25	46	4	44	27	15	89	57	55	63	42	11	
48	91	9	70	41	60	22	23	58	24	3	99	39	17	73	26	47	74	23	46	64	47	57	24	39	74	52	10	72	51	49	52	33	97	100	37	17	56	63	11	45	95	54	45	56	50	63	1	48	57	
14	53	88	82	58	32	39	39	17	14	71	67	17	6	88	82	27	32	36	26	24	48	26	27	49	68	5	49	12	41	23	81	87	26	16	20	41	1	82	6	77	51	85	86	50	26	100	67	63	18	
15	60	15	71	19	48	78	89	58	63	10	1	73	88	84	70	89	31	67	32	44	41	62	46	71	39	72	77	83	29	60	71	25	38	72	66	86	80	78	26	17	51	88	5	89	41	73	65	92	59	
56	34	35	68	29	56	38	78	87	90	32	98	26	82	70	100	4	96	18	6	87	42	33	66	57	83	62	3	27	95	96	35	29	26	23	81	39	73	30	75	87	70	82	90	99	52	96	4	68	26	
12	93	87	55	44	72	88	46	6	3	75	58	47	27	89	4	99	9	96	32	51	36	91	17	59	16	35	83	73	32	16	95	61	41	3	29	68	99	65	17	81	98	32	32	16	39	42	50	79	8	
20	96	61	68	64	78	78	19	34	98	20	58	74	32	31	96	9	86	50	6	59	25	79	80	24	69	98	92	33	99	74	85	71	79	28	37	15	13	71	84	34	45	16	97	65	75	22	79	88	73	
79	12	76	15	53	41	20	57	15	51	60	17	23	36	67	18	96	50	41	12	79	21	99	38	18	37	84	11	5	45	44	71	54	85	39	3	71	27	26	78	51	41	36	23	82	10	51	51	28	17	
58	2	69	69	46	22	44	5	31	86	50	58	46	26	32	6	32	6	12	48	45	48	79	72	55	77	34	12	31	74	95	94	100	58	97	41	13	15	66	27	55	33	72	67	88	94	71	41	59	88	
5	92	98	67	92	18	63	91	84	68	17	90	64	24	44	87	51	59	79	45	82	53	32	10	50	92	77	69	44	64	56	3	98	43	37	28	42	100	91	64	61	29	39	92	8	96	16	4	76	57	
26	35	54	21	54	65	45	82	20	9	52	34	47	48	41	42	36	25	21	48	53	14	29	99	46	82	84	94	75	58	30	67	25	19	30	88	19	46	3	58	50	56	28	68	34	52	58	56	95	98	
36	60	22	19	40	2	49	5	16	92	18	19	57	26	62	33	91	79	99	79	32	29	92	49	4	82	61	35	97	46	20	76	49	21	46	46	96	52	17	76	92	6	84	89	29	93	35	37	32	97	
50	57	82	93	58	45	54	46	45	48	45	28	24	27	46	66	17	80	38	72	10	99	49	43	19	9	12	61	87	75	38	87	7	30	56	14	57	93	93	79	8	25	88	15	60	30	1	51	72	95	
30	15	9	34	19	29	60	48	99	82	53	33	39	49	71	57	59	24	18	55	50	46	4	19	26	1	63	9	21	37	51	53	74	27	42	88	75	35	34	74	69	64	26	28	44	71	55	14	75	57	
79	26	94	15	81	73	42	65	30	31	19	4	74	68	39	83	16	69	37	77	92	82	82	9	1	4	64	15	55	59	31	43	87	25	88	97	32	22	50	12	31	77	87	69	57	33	29	93	27	44	
16	60	94	24	79	68	21	87	30	38	21	33	52	5	72	62	35	98	84	34	77	84	61	12	63	64	47	48	93	44	45	23	7	10	69	13	46	90	94	44	24	80	58	31	64	70	81	61	25	60	
18	6	27	97	74	47	67	67	38	25	21	21	10	49	77	3	83	92	11	12	69	94	35	61	9	15	48	77	46	67	88	19	43	48	85	93	75	11	3	93	98	49	54	69	39	93	44	1	98	57	
81	45	56	12	76	42	61	29	24	31	18	97	72	12	83	27	73	33	5	31	44	75	97	87	21	55	93	46	61	91	2	87	65	41	67	71	80	3	11	39	4	47	42	99	11	72	15	3	47	32	
34	87	46	6	83	67	1	22	7	37	25	43	51	41	29	95	32	99	45	74	64	58	46	75	37	59	44	67	91	69	91	66	9	55	67	43	15	17	30	59	32	7	62	79	93	40	75	99	45	6	
9	49	22	71	23	41	21	39	22	95	2	87	49	23	60	96	16	74	44	95	56	30	20	38	51	31	45	88	2	91	21	74	72	99	100	44	47	25	4	11	16	52	83	42	49	87	34	3	3	10	
19	81	95	99	27	27	59	61	63	7	6	20	52	81	71	35	95	85	71	94	3	67	76	87	53	43	23	19	87	66	74	58	23	86	5	88	90	66	93	27	5	48	12	91	37	42	1	13	64	40	
49	43	65	81	35	30	28	69	55	50	56	11	33	87	25	29	61	71	54	100	98	25	49	7	74	87	7	43	65	9	72	23	48	81	72	16	54	77	90	82	87	80	54	42	68	37	82	24	49	23	
35	36	2	58	97	28	8	35	17	40	4	74	97	26	38	26	41	79	85	58	43	19	21	30	27	25	10	48	41	55	99	86	81	17	1	46	14	54	48	70	99	93	94	19	10	90	73	41	10	66	
18	44	39	77	60	29	78	34	54	3	52	41	100	16	72	23	3	28	39	97	37	30	46	56	42	88	69	85	67	67	100	5	72	1	73	39	91	23	6	34	93	62	25	96	50	65	36	37	50	41	
42	17	25	89	56	41	95	7	82	38	30	24	37	20	66	81	29	37	3	41	28	88	46	14	88	97	13	93	71	43	44	88	16	46	39	36	57	37	46	34	77	1	96	92	88	23	29	38	84	82	
8	42	3	10	66	11	35	54	25	65	81	31	17	41	86	39	68	15	71	13	42	19	96	57	75	32	46	75	80	15	47	90	54	14	91	57	86	72	41	71	46	96	31	9	19	56	88	31	87	96	
13	48	15	48	36	57	65	61	88	22	52	77	56	1	80	73	99	13	27	15	100	46	52	93	35	22	90	11	3	17	25	66	77	54	23	37	72	47	68	15	57	70	41	90	51	18	27	84	37	34	
38	22	20	73	28	87	18	77	98	4	27	25	63	82	78	30	65	71	26	66	91	3	17	93	34	50	94	3	11	30	4	93	90	48	6	46	41	68	72	100	75	14	24	63	52	27	7	98	6	93	
88	7	72	88	25	28	66	29	95	35	3	46	11	6	26	75	17	84	78	27	64	58	76	79	74	12	44	93	39	59	11	27	82	70	34	34	71	15	100	23	76	66	81	40	17	27	41	16	68	85	
42	38	57	25	61	88	83	71	85	38	41	4	45	77	17	87	81	34	51	55	61	50	92	8	69	31	24	98	4	32	16	5	87	99	93	77	46	57	75	76	26	77	81	41	89	64	73	63	55	29	
88	14	65	18	46	43	81	87	3	52	56	44	95	51	51	70	98	45	41	33	29	56	6	25	64	77	80	49	47	7	52	48	80	93	62	1	96	70	14	66	77	96	43	74	44	68	76	39	81	37	
99	49	22	23	13	87	30	79	9	69	73	27	54	85	88	82	32	16	36	72	39	28	84	88	26	87	58	54	42	62	83	12	54	94	25	96	31	41	24	81	81	43	68	79	70	92	79	47	76	45	
43	51	13	69	11	77	6	48	64	41	42	15	45	86	5	90	32	97	23	67	92	68	89	15	28	69	31	69	99	79	42	91	42	19	96	92	9	90	63	40	41	74	79	95	90	65	62	53	99	57	
95	99	43	5	2	69	39	41	27	61	62	89	56	50	89	99	16	65	82	88	8	34	29	60	44	57	64	39	11	93	49	37	68	10	50	88	19	51	52	17	89	44	70	90	86	76	65	5	90	78	
61	62	84	55	81	58	31	60	17	20	83	57	50	26	41	52	39	75	10	94	96	52	93	30	71	33	70	93	72	40	87	42	37	90	65	23	56	18	27	27	64	68	92	65	76	63	64	31	13	21	
70	63	78	64	33	88	9	68	75	91	10	55	63	100	73	96	42	22	51	71	16	58	35	1	55	29	81	44	15	75	34	1	82	73	36	29	88	27	7	41	73	76	79	62	65	64	61	31	61	35	
6	28	44	56	57	53	8	76	80	68	41	63	1	67	65	4	50	79	51	41	4	56	37	51	14	93	61	1	3	99	3	13	24	41	37	38	31	84	98	16	63	39	47	53	5	31	31	99	31	47	
19	56	31	32	7	59	94	96	47	3	43	42	48	63	92	68	79	88	28	59	76	95	32	72	75	27	25	98	47	45	3	64	49	10	50	84	87	37	6	68	55	81	76	99	90	13	61	31	73	74	
98	20	96	86	74	12	63	44	57	61	9	11	57	18	59	26	8	73	17	88	57	98	97	95	57	44	60	57	32	6	10	40	23	66	41	82	96	34	93	85	29	37	45	57	78	21	35	47	74	34	
