50
1092
32	6	48	86	81	91	40	5	75	73	35	90	90	90	48	76	12	75	26	81	72	11	10	28	100	14	75	74	11	26	44	94	5	24	36	57	50	18	57	53	30	83	96	59	58	75	43	80	80	41	
1	64	47	14	56	23	42	41	27	25	23	6	20	63	74	13	66	58	81	26	11	24	97	67	41	6	26	3	60	30	21	20	2	36	22	78	2	39	48	47	27	82	10	32	76	40	6	92	37	10	
64	60	97	86	7	98	17	45	3	46	58	70	78	1	11	83	82	63	92	27	8	51	67	66	84	32	32	81	40	18	78	57	82	17	99	81	64	45	56	21	59	71	97	2	20	52	27	56	67	96	
47	97	83	31	69	60	38	37	95	78	71	40	51	40	72	17	50	56	20	16	46	35	87	100	46	77	32	8	8	11	13	41	100	67	55	13	10	60	45	79	67	83	54	89	87	74	63	91	8	44	
14	86	31	5	5	55	78	56	84	11	36	36	75	41	11	50	30	28	96	95	35	39	51	85	28	64	12	33	40	16	11	9	59	55	74	84	95	69	60	58	54	33	54	88	23	98	46	12	6	3	
56	7	69	5	64	74	11	48	55	41	97	56	17	87	18	3	76	92	76	89	3	64	81	97	70	78	61	98	13	27	47	49	4	69	44	26	67	61	90	65	92	27	100	64	26	44	14	74	85	89	
23	98	60	55	74	90	69	78	30	100	13	28	88	35	88	68	54	81	100	72	50	78	99	59	25	90	85	41	25	55	25	65	10	51	87	54	12	78	48	40	89	71	49	93	38	71	8	15	54	70	
42	17	38	78	11	69	53	52	98	61	68	2	18	41	51	100	70	17	88	61	7	28	38	34	35	93	91	33	50	100	29	26	46	28	90	19	85	95	77	74	99	48	77	32	51	33	11	18	22	59	
41	45	37	56	48	78	52	48	20	89	61	48	14	83	16	86	71	58	48	27	3	84	74	78	66	55	15	39	25	37	13	42	11	93	75	26	14	18	8	61	54	66	94	32	64	19	36	7	34	28	
27	3	95	84	55	30	98	20	21	74	35	82	65	54	70	12	97	54	68	56	75	7	33	1	25	46	95	69	32	30	28	52	81	86	11	69	44	61	41	52	52	14	25	94	89	11	42	46	50	65	
25	46	78	11	41	100	61	89	74	94	13	80	21	16	45	48	33	84	67	33	33	98	95	17	91	19	24	53	50	27	97	53	49	50	68	25	34	19	45	16	61	7	18	69	100	19	42	98	99	26	
23	58	71	36	97	13	68	61	35	13	20	73	45	35	76	29	30	53	69	50	66	20	71	25	72	17	17	89	84	95	28	51	48	5	20	30	56	85	50	96	91	65	47	23	19	51	12	92	37	19	
6	70	40	36	56	28	2	48	82	80	73	16	68	95	72	59	80	89	79	6	13	56	27	78	81	33	66	78	81	49	8	96	93	12	88	4	45	70	93	99	95	18	66	29	97	90	41	12	99	76	
20	78	51	75	17	88	18	14	65	21	45	68	12	82	27	54	90	55	95	17	3	62	24	12	36	84	44	70	67	22	47	36	58	56	28	7	48	1	17	49	42	35	96	8	77	33	12	69	68	78	
63	1	40	41	87	35	41	83	54	16	35	95	82	24	69	79	38	47	41	99	63	69	87	98	47	95	75	22	1	68	73	17	63	12	39	13	37	80	27	56	72	72	21	37	84	35	35	30	18	60	
74	11	72	11	18	88	51	16	70	45	76	72	27	69	70	19	61	55	55	98	70	57	10	34	61	81	45	27	87	37	48	16	38	66	65	50	72	99	62	12	51	47	46	7	59	66	46	41	13	5	
13	83	17	50	3	68	100	86	12	48	29	59	54	79	19	47	5	85	45	67	20	97	68	57	97	41	71	90	11	70	63	73	81	62	62	11	51	35	95	58	86	67	5	5	95	33	49	52	99	7	
66	82	50	30	76	54	70	71	97	33	30	80	90	38	61	5	47	71	50	44	40	53	69	4	9	98	89	70	16	44	36	7	90	60	57	81	54	92	29	52	4	28	94	42	3	40	67	97	51	72	
58	63	56	28	92	81	17	58	54	84	53	89	55	47	55	85	71	25	45	47	55	14	60	33	81	14	99	9	45	57	52	72	5	46	15	54	97	5	82	41	51	94	5	71	98	29	19	59	72	15	
81	92	20	96	76	100	88	48	68	67	69	79	95	41	55	45	50	45	57	79	89	12	42	6	91	57	40	25	51	100	81	70	88	89	63	67	94	5	59	43	98	67	56	77	67	19	38	25	79	1	
26	27	16	95	89	72	61	27	56	33	50	6	17	99	98	67	44	47	79	100	41	3	77	13	14	79	14	51	9	64	11	38	95	80	41	64	10	43	55	80	87	80	38	48	51	64	68	75	85	45	
11	8	46	35	3	50	7	3	75	33	66	13	3	63	70	20	40	55	89	41	73	57	21	3	36	27	82	51	42	69	7	99	37	86	86	18	69	14	33	1	84	4	34	52	74	72	15	57	5	39	
24	51	35	39	64	78	28	84	7	98	20	56	62	69	57	97	53	14	12	3	57	67	18	76	20	27	38	42	80	17	6	40	60	11	6	16	6	29	15	64	58	22	65	78	10	44	36	17	50	95	
97	67	87	51	81	99	38	74	33	95	71	27	24	87	10	68	69	60	42	77	21	18	1	73	85	34	27	17	94	15	31	62	13	100	7	13	56	99	18	80	27	22	96	51	30	26	38	57	84	63	
67	66	100	85	97	59	34	78	1	17	25	78	12	98	34	57	4	33	6	13	3	76	73	20	4	78	93	6	28	12	15	52	80	40	9	90	57	47	95	7	40	4	19	30	8	13	96	10	35	65	
41	84	46	28	70	25	35	66	25	91	72	81	36	47	61	97	9	81	91	14	36	20	85	4	87	44	95	13	84	72	26	28	76	31	51	94	92	26	54	95	66	18	96	16	45	89	15	12	95	81	
6	32	77	64	78	90	93	55	46	19	17	33	84	95	81	41	98	14	57	79	27	27	34	78	44	79	34	67	81	3	69	92	97	89	13	85	78	23	81	20	59	38	17	4	29	38	49	62	90	16	
26	32	32	12	61	85	91	15	95	24	17	66	44	75	45	71	89	99	40	14	82	38	27	93	95	34	2	21	82	38	20	96	91	92	12	74	50	12	19	19	22	21	36	99	18	22	24	26	5	71	
3	81	8	33	98	41	33	39	69	53	89	78	70	22	27	90	70	9	25	51	51	42	17	6	13	67	21	68	64	96	99	41	12	24	15	54	10	91	41	58	15	35	3	49	65	31	36	28	80	29	
60	40	8	40	13	25	50	25	32	50	84	81	67	1	87	11	16	45	51	9	42	80	94	28	84	81	82	64	61	70	85	82	68	92	58	32	18	11	9	30	17	65	68	45	21	15	64	4	93	4	
30	18	11	16	27	55	100	37	30	27	95	49	22	68	37	70	44	57	100	64	69	17	15	12	72	3	38	96	70	93	84	58	26	8	83	23	100	35	41	57	65	90	20	20	95	36	3	66	53	65	
21	78	13	11	47	25	29	13	28	97	28	8	47	73	48	63	36	52	81	11	7	6	31	15	26	69	20	99	85	84	6	75	56	3	83	61	54	34	87	7	9	62	58	19	75	47	62	13	81	18	
20	57	41	9	49	65	26	42	52	53	51	96	36	17	16	73	7	72	70	38	99	40	62	52	28	92	96	41	82	58	75	97	75	83	6	20	60	62	1	6	42	87	49	36	22	91	83	100	48	88	
2	82	100	59	4	10	46	11	81	49	48	93	58	63	38	81	90	5	88	95	37	60	13	80	76	97	91	12	68	26	56	75	77	70	87	33	79	76	24	68	39	9	9	32	61	94	22	15	11	86	
36	17	67	55	69	51	28	93	86	50	5	12	56	12	66	62	60	46	89	80	86	11	100	40	31	89	92	24	92	8	3	83	70	67	68	12	66	50	99	48	24	38	25	5	55	69	15	65	35	40	
22	99	55	74	44	87	90	75	11	68	20	88	28	39	65	62	57	15	63	41	86	6	7	9	51	13	12	15	58	83	83	6	87	68	5	27	62	6	1	11	8	71	48	34	83	36	16	84	74	69	
78	81	13	84	26	54	19	26	69	25	30	4	7	13	50	11	81	54	67	64	18	16	13	90	94	85	74	54	32	23	61	20	33	12	27	30	21	97	43	68	18	20	55	55	59	66	11	5	3	28	
2	64	10	95	67	12	85	14	44	34	56	45	48	37	72	51	54	97	94	10	69	6	56	57	92	78	50	10	18	100	54	60	79	66	62	21	43	85	23	88	5	31	84	14	7	15	80	45	27	27	
39	45	60	69	61	78	95	18	61	19	85	70	1	80	99	35	92	5	5	43	14	29	99	47	26	23	12	91	11	35	34	62	76	50	6	97	85	6	21	10	31	36	16	79	17	11	81	27	73	20	
48	56	45	60	90	48	77	8	41	45	50	93	17	27	62	95	29	82	59	55	33	15	18	95	54	81	19	41	9	41	87	1	24	99	1	43	23	21	58	59	83	8	71	70	56	57	49	50	70	41	
47	21	79	58	65	40	74	61	52	16	96	99	49	56	12	58	52	41	43	80	1	64	80	7	95	20	19	58	30	57	7	6	68	48	11	68	88	10	59	68	42	48	69	70	71	20	30	29	19	85	
27	59	67	54	92	89	99	54	52	61	91	95	42	72	51	86	4	51	98	87	84	58	27	40	66	59	22	15	17	65	9	42	39	24	8	18	5	31	83	42	44	6	86	53	78	80	79	10	55	91	
82	71	83	33	27	71	48	66	14	7	65	18	35	72	47	67	28	94	67	80	4	22	22	4	18	38	21	35	65	90	62	87	9	38	71	20	31	36	8	48	6	13	48	78	21	5	46	42	34	13	
10	97	54	54	100	49	77	94	25	18	47	66	96	21	46	5	94	5	56	38	34	65	96	19	96	17	36	3	68	20	58	49	9	25	48	55	84	16	71	69	86	48	83	96	85	47	38	49	13	99	
32	2	89	88	64	93	32	32	94	69	23	29	8	37	7	5	42	71	77	48	52	78	51	30	16	4	99	49	45	20	19	36	32	5	34	55	14	79	70	70	53	78	96	88	41	63	37	45	92	88	
76	20	87	23	26	38	51	64	89	100	19	97	77	84	59	95	3	98	67	51	74	10	30	8	45	29	18	65	21	95	75	22	61	55	83	59	7	17	56	71	78	21	85	41	51	3	98	58	4	55	
40	52	74	98	44	71	33	19	11	19	51	90	33	35	66	33	40	29	19	64	72	44	26	13	89	38	22	31	15	36	47	91	94	69	36	66	15	11	57	20	80	5	47	63	3	41	40	82	10	98	
6	27	63	46	14	8	11	36	42	42	12	41	12	35	46	49	67	19	38	68	15	36	38	96	15	49	24	36	64	3	62	83	22	15	16	11	80	81	49	30	79	46	38	37	98	40	63	29	91	37	
92	56	91	12	74	15	18	7	46	98	92	12	69	30	41	52	97	59	25	75	57	17	57	10	12	62	26	28	4	66	13	100	15	65	84	5	45	27	50	29	10	42	49	45	58	82	29	40	41	60	
37	67	8	6	85	54	22	34	50	99	37	99	68	18	13	99	51	72	79	85	5	50	84	35	95	90	5	80	93	53	81	48	11	35	74	3	27	73	70	19	55	34	13	92	4	10	91	41	40	42	
10	96	44	3	89	70	59	28	65	26	19	76	78	60	5	7	72	15	1	45	39	95	63	65	81	16	71	29	4	65	18	88	86	40	69	28	27	20	41	85	91	13	99	88	55	98	37	60	42	92	
