50
1500
48	55	69	33	50	52	83	68	58	99	39	51	61	91	35	11	83	61	65	41	92	25	40	72	54	12	5	89	10	25	63	69	81	7	39	13	48	100	25	19	74	100	99	48	51	65	96	6	48	61	
50	38	86	49	76	1	41	13	27	45	86	24	8	52	77	88	99	41	74	37	61	36	11	77	43	94	52	91	53	53	41	42	68	68	83	25	92	51	45	62	87	23	100	61	68	19	47	15	33	1	
38	97	24	48	82	21	51	39	52	72	27	85	95	50	45	89	29	81	23	62	74	10	17	80	7	92	77	27	2	6	47	28	39	42	38	10	60	86	66	54	54	74	6	28	72	73	67	57	54	54	
86	24	92	7	23	19	16	87	85	22	24	50	12	42	55	67	58	51	7	67	29	89	24	52	64	38	60	36	25	8	15	88	35	84	18	3	15	46	39	92	58	81	44	45	92	26	92	63	66	79	
49	48	7	20	91	18	43	84	13	90	63	12	85	80	10	11	44	86	4	18	35	93	40	3	44	71	69	25	26	41	29	19	98	35	60	97	3	17	38	53	3	19	77	65	7	25	1	47	65	51	
76	82	23	91	33	96	95	61	78	78	97	67	52	31	26	64	15	47	31	88	13	54	40	42	61	29	96	50	68	26	97	47	16	82	37	75	69	48	93	88	74	14	12	4	100	60	9	99	29	26	
1	21	19	18	96	54	7	50	70	51	47	47	49	62	43	1	51	78	73	60	48	72	34	45	61	42	47	63	51	89	49	65	76	23	89	82	29	36	72	89	98	31	89	47	57	42	70	75	32	72	
41	51	16	43	95	7	80	98	68	6	60	71	24	63	30	12	95	28	69	91	44	18	100	47	79	31	38	35	94	6	26	60	12	84	64	57	100	26	81	21	24	47	87	49	75	76	41	37	23	58	
13	39	87	84	61	50	98	10	85	50	100	68	75	79	36	91	23	30	66	63	28	16	41	58	45	23	100	71	69	40	92	11	6	46	18	28	22	80	89	90	5	75	60	40	96	43	5	24	81	70	
27	52	85	13	78	70	68	85	43	79	61	83	52	94	8	17	44	1	63	67	50	8	65	59	64	2	64	19	97	80	41	91	9	10	67	58	52	3	45	10	33	51	69	45	90	64	58	96	26	22	
45	72	22	90	78	51	6	50	79	61	66	51	56	71	5	91	62	64	10	59	51	18	55	48	51	95	45	35	60	65	77	51	12	93	66	12	67	41	11	42	75	62	77	89	43	87	3	26	69	38	
86	27	24	63	97	47	60	100	61	66	3	15	17	89	40	90	31	25	52	11	24	52	43	27	18	51	78	26	41	30	58	53	58	58	76	30	52	3	11	95	64	1	31	58	16	89	25	3	68	98	
24	85	50	12	67	47	71	68	83	51	15	50	44	98	2	63	2	61	80	78	32	11	2	7	4	34	89	64	63	62	68	8	15	28	2	33	50	77	92	41	37	37	17	84	51	91	53	39	47	3	
8	95	12	85	52	49	24	75	52	56	17	44	98	90	96	60	24	34	22	54	28	39	57	79	95	93	27	87	39	17	34	28	56	29	66	17	60	5	27	98	92	100	16	87	70	36	51	78	51	32	
52	50	42	80	31	62	63	79	94	71	89	98	90	60	61	91	96	27	87	52	63	59	100	83	11	40	14	19	40	28	33	98	68	29	45	68	91	75	12	32	95	73	85	57	63	6	33	74	31	72	
77	45	55	10	26	43	30	36	8	5	40	2	96	61	72	74	36	4	23	14	13	96	22	72	75	4	21	53	31	14	11	24	82	20	58	73	25	57	31	12	54	37	51	64	29	80	29	78	79	11	
88	89	67	11	64	1	12	91	17	91	90	63	60	91	74	33	45	10	44	57	51	9	19	46	16	77	93	41	90	96	30	99	45	87	82	45	62	41	65	89	95	85	80	59	34	37	28	32	57	10	
99	29	58	44	15	51	95	23	44	62	31	2	24	96	36	45	20	38	98	66	93	80	25	87	24	43	7	86	85	92	38	29	57	48	31	98	61	49	51	5	29	37	84	39	71	69	95	54	74	91	
41	81	51	86	47	78	28	30	1	64	25	61	34	27	4	10	38	39	64	36	57	2	82	71	99	44	59	21	51	70	4	50	51	71	75	28	71	80	2	81	96	41	98	83	20	65	89	4	65	71	
74	23	7	4	31	73	69	66	63	10	52	80	22	87	23	44	98	64	93	70	34	92	82	48	84	92	100	65	70	17	50	51	55	99	47	33	8	94	85	84	68	56	96	43	39	20	52	7	99	49	
37	62	67	18	88	60	91	63	67	59	11	78	54	52	14	57	66	36	70	33	72	98	50	69	59	22	56	33	19	30	10	99	75	62	6	2	86	54	64	3	21	49	41	20	17	17	5	43	85	64	
61	74	29	35	13	48	44	28	50	51	24	32	28	63	13	51	93	57	34	72	64	63	27	36	32	71	9	24	85	55	55	100	24	51	65	90	10	6	92	54	20	77	61	99	73	48	20	4	88	54	
36	10	89	93	54	72	18	16	8	18	52	11	39	59	96	9	80	2	92	98	63	19	77	29	86	62	99	57	30	67	96	72	70	59	25	60	45	26	93	59	3	32	46	87	13	71	80	91	71	64	
11	17	24	40	40	34	100	41	65	55	43	2	57	100	22	19	25	82	82	50	27	77	10	3	10	42	19	39	69	19	52	48	84	98	75	27	37	41	50	51	48	24	66	46	89	90	6	12	100	71	
77	80	52	3	42	45	47	58	59	48	27	7	79	83	72	46	87	71	48	69	36	29	3	74	44	7	55	13	32	69	85	96	54	37	49	49	41	3	61	79	84	97	28	67	74	54	15	4	94	74	
43	7	64	44	61	61	79	45	64	51	18	4	95	11	75	16	24	99	84	59	32	86	10	44	52	65	4	83	19	87	37	98	46	90	5	24	82	28	35	99	79	6	28	74	49	32	31	41	50	100	
94	92	38	71	29	42	31	23	2	95	51	34	93	40	4	77	43	44	92	22	71	62	42	7	65	31	96	58	28	56	35	88	98	56	78	78	56	69	76	27	72	33	5	25	30	98	56	63	20	6	
52	77	60	69	96	47	38	100	64	45	78	89	27	14	21	93	7	59	100	56	9	99	19	55	4	96	16	25	18	18	63	63	26	85	26	75	56	56	23	97	51	58	46	7	97	49	95	33	64	31	
91	27	36	25	50	63	35	71	19	35	26	64	87	19	53	41	86	21	65	33	24	57	39	13	83	58	25	35	67	27	18	16	52	45	30	5	58	12	8	18	89	90	20	44	6	100	26	15	15	43	
53	2	25	26	68	51	94	69	97	60	41	63	39	40	31	90	85	51	70	19	85	30	69	32	19	28	18	67	46	87	72	30	12	85	33	76	85	22	71	80	16	40	13	73	19	47	24	48	86	69	
53	6	8	41	26	89	6	40	80	65	30	62	17	28	14	96	92	70	17	30	55	67	19	69	87	56	18	27	87	88	42	80	40	94	87	54	2	65	84	75	58	40	80	99	39	63	38	72	12	25	
41	47	15	29	97	49	26	92	41	77	58	68	34	33	11	30	38	4	50	10	55	96	52	85	37	35	63	18	72	42	46	32	41	6	80	53	93	26	15	6	54	62	61	61	13	35	11	57	8	37	
42	28	88	19	47	65	60	11	91	51	53	8	28	98	24	99	29	50	51	99	100	72	48	96	98	88	63	16	30	80	32	22	85	94	58	9	8	1	61	27	53	92	11	90	93	6	55	54	17	21	
68	39	35	98	16	76	12	6	9	12	58	15	56	68	82	45	57	51	55	75	24	70	84	54	46	98	26	52	12	40	41	85	59	10	92	78	2	35	31	29	11	14	32	41	23	80	90	23	57	52	
68	42	84	35	82	23	84	46	10	93	58	28	29	29	20	87	48	71	99	62	51	59	98	37	90	56	85	45	85	94	6	94	10	39	54	23	45	22	29	39	39	15	44	78	58	18	42	16	25	91	
83	38	18	60	37	89	64	18	67	66	76	2	66	45	58	82	31	75	47	6	65	25	75	49	5	78	26	30	33	87	80	58	92	54	26	92	17	74	43	1	18	19	38	76	24	34	58	15	42	8	
25	10	3	97	75	82	57	28	58	12	30	33	17	68	73	45	98	28	33	2	90	60	27	49	24	78	75	5	76	54	53	9	78	23	92	45	41	30	78	45	89	11	45	32	79	81	100	13	6	99	
92	60	15	3	69	29	100	22	52	67	52	50	60	91	25	62	61	71	8	86	10	45	37	41	82	56	56	58	85	2	93	8	2	45	17	41	9	47	20	43	60	38	45	97	35	79	58	70	100	22	
51	86	46	17	48	36	26	80	3	41	3	77	5	75	57	41	49	80	94	54	6	26	41	3	28	69	56	12	22	65	26	1	35	22	74	30	47	98	49	24	14	24	65	65	7	63	21	9	44	8	
45	66	39	38	93	72	81	89	45	11	11	92	27	12	31	65	51	2	85	64	92	93	50	61	35	76	23	8	71	84	15	61	31	29	43	78	20	49	15	2	31	22	76	78	57	17	2	40	21	11	
62	54	92	53	88	89	21	90	10	42	95	41	98	32	12	89	5	81	84	3	54	59	51	79	99	27	97	18	80	75	6	27	29	39	1	45	43	24	2	52	15	99	97	70	33	19	2	50	60	91	
87	54	58	3	74	98	24	5	33	75	64	37	92	95	54	95	29	96	68	21	20	3	48	84	79	72	51	89	16	58	54	53	11	39	18	89	60	14	31	15	4	41	16	60	75	56	7	100	3	73	
23	74	81	19	14	31	47	75	51	62	1	37	100	73	37	85	37	41	56	49	77	32	24	97	6	33	58	90	40	40	62	92	14	15	19	11	38	24	22	99	41	18	70	58	30	57	30	24	71	47	
100	6	44	77	12	89	87	60	69	77	31	17	16	85	51	80	84	98	96	41	61	46	66	28	28	5	46	20	13	80	61	11	32	44	38	45	45	65	76	97	16	70	71	6	11	100	61	95	86	50	
61	28	45	65	4	47	49	40	45	89	58	84	87	57	64	59	39	83	43	20	99	87	46	67	74	25	7	44	73	99	61	90	41	78	76	32	97	65	78	70	60	58	6	79	100	1	89	75	59	1	
68	72	92	7	100	57	75	96	90	43	16	51	70	63	29	34	71	20	39	17	73	13	89	74	49	30	97	6	19	39	13	93	23	58	24	79	35	7	57	33	75	30	11	100	60	84	53	67	58	15	
19	73	26	25	60	42	76	43	64	87	89	91	36	6	80	37	69	65	20	17	48	71	90	54	32	98	49	100	47	63	35	6	80	18	34	81	79	63	17	19	56	57	100	1	84	15	51	64	25	84	
47	67	92	1	9	70	41	5	58	3	25	53	51	33	29	28	95	89	52	5	20	80	6	15	31	56	95	26	24	38	11	55	90	42	58	100	58	21	2	2	7	30	61	89	53	51	88	8	23	73	
15	57	63	47	99	75	37	24	96	26	3	39	78	74	78	32	54	4	7	43	4	91	12	4	41	63	33	15	48	72	57	54	23	16	15	13	70	9	40	50	100	24	95	75	67	64	8	35	4	13	
33	54	66	65	29	32	23	81	26	69	68	47	51	31	79	57	74	65	99	85	88	71	100	94	50	20	64	15	86	12	8	17	57	25	42	6	100	44	21	60	3	71	86	59	58	25	23	4	92	75	
1	54	79	51	26	72	58	70	22	38	98	3	32	72	11	10	91	71	49	64	54	64	71	74	100	6	31	43	69	25	37	21	52	91	8	99	22	8	11	91	73	47	50	1	15	84	73	13	75	56	
