50
1288
25	78	100	89	34	26	54	62	69	21	73	77	13	70	99	41	54	90	46	30	79	83	1	65	81	87	48	20	29	98	70	79	98	35	17	1	30	52	3	61	86	64	67	57	60	54	93	20	52	58	
92	13	52	50	30	95	98	38	52	70	50	8	24	16	72	90	83	44	97	78	28	63	39	91	30	92	54	4	57	53	86	47	54	91	94	87	12	8	40	19	78	38	27	95	4	22	46	95	85	74	
13	39	75	6	46	65	82	81	33	15	39	85	75	60	7	30	69	87	17	97	48	49	10	73	76	44	63	53	22	78	99	77	41	63	36	9	90	90	42	54	10	74	34	66	51	33	98	33	79	31	
52	75	50	80	5	99	70	40	49	7	8	11	33	53	100	21	73	46	7	37	76	72	6	41	44	85	49	67	65	11	91	22	40	60	75	9	47	95	97	33	45	4	39	89	6	54	21	52	15	60	
50	6	80	38	22	74	11	49	90	88	16	80	39	25	15	45	36	14	7	4	57	69	51	61	67	93	13	13	50	88	53	34	82	92	52	88	79	99	6	63	11	21	92	48	55	89	6	46	100	62	
30	46	5	22	97	90	24	68	27	46	69	44	5	11	23	77	67	73	20	62	53	95	36	17	18	60	91	48	7	16	4	44	9	72	22	40	98	34	25	52	2	65	25	19	52	3	16	88	18	92	
95	65	99	74	90	51	60	96	20	47	2	73	63	14	53	69	56	50	99	2	94	87	32	97	59	27	5	22	3	36	58	42	14	55	43	23	92	80	81	29	2	12	37	74	37	78	27	82	85	9	
98	82	70	11	24	60	61	93	50	74	88	2	43	42	60	19	28	11	74	30	8	54	58	1	15	89	84	80	3	19	42	32	68	55	92	100	18	74	50	69	18	8	87	61	91	15	21	95	27	4	
38	81	40	49	68	96	93	74	49	58	29	41	13	21	75	32	99	49	43	30	26	75	90	5	36	64	83	36	18	93	91	2	94	14	14	52	37	75	84	80	7	81	95	7	61	12	31	46	18	48	
52	33	49	90	27	20	50	49	89	69	57	46	5	24	37	34	35	61	18	50	79	7	9	73	52	23	52	90	8	22	3	64	48	10	66	40	84	22	94	25	13	39	81	11	59	13	52	15	39	17	
70	15	7	88	46	47	74	58	69	54	4	8	8	98	87	72	44	43	55	29	35	90	71	6	75	75	4	93	52	88	3	46	80	17	61	56	43	13	10	69	29	72	7	48	1	90	13	30	100	15	
50	39	8	16	69	2	88	29	57	4	33	54	19	43	2	35	28	36	35	16	25	80	21	87	85	29	12	100	50	40	14	64	9	40	62	19	60	99	63	100	19	14	54	19	58	2	55	84	90	86	
8	85	11	80	44	73	2	41	46	8	54	94	32	95	41	31	62	80	94	22	20	68	87	56	10	89	84	93	24	47	69	88	59	93	5	72	36	9	46	22	54	63	19	96	79	80	96	15	44	34	
24	75	33	39	5	63	43	13	5	8	19	32	74	58	88	29	4	1	55	9	91	28	78	20	51	40	77	60	51	33	60	97	80	11	63	23	91	32	67	35	28	26	70	48	41	2	27	39	24	60	
16	60	53	25	11	14	42	21	24	98	43	95	58	45	34	5	18	70	27	74	28	60	14	47	84	51	51	15	77	23	58	26	100	88	8	70	100	5	14	3	47	36	12	16	13	54	49	98	43	73	
72	7	100	15	23	53	60	75	37	87	2	41	88	34	9	82	74	40	74	81	57	73	68	42	40	82	75	75	49	8	43	41	15	71	99	71	93	8	99	78	56	72	90	40	85	5	5	90	71	100	
90	30	21	45	77	69	19	32	34	72	35	31	29	5	82	64	36	44	100	5	39	83	82	93	31	49	84	47	85	89	88	63	7	39	31	36	12	18	81	70	99	50	96	67	19	49	6	3	49	84	
83	69	73	36	67	56	28	99	35	44	28	62	4	18	74	36	32	36	61	3	87	66	9	9	86	62	64	47	59	84	26	50	64	85	4	23	90	23	8	95	83	49	66	68	43	59	31	62	84	37	
44	87	46	14	73	50	11	49	61	43	36	80	1	70	40	44	36	7	52	99	13	10	80	13	32	68	17	4	61	78	14	28	90	91	80	81	80	33	74	12	17	63	82	46	100	86	17	12	18	34	
97	17	7	7	20	99	74	43	18	55	35	94	55	27	74	100	61	52	88	25	36	25	42	93	11	34	40	49	58	58	47	72	19	51	37	100	77	17	90	16	63	59	69	19	77	60	60	38	43	60	
78	97	37	4	62	2	30	30	50	29	16	22	9	74	81	5	3	99	25	16	12	74	4	50	30	41	24	86	43	33	42	60	50	33	29	42	10	12	29	34	92	17	65	92	45	5	93	32	36	79	
28	48	76	57	53	94	8	26	79	35	25	20	91	28	57	39	87	13	36	12	78	28	61	22	98	36	39	81	56	46	26	3	47	98	97	77	74	93	16	100	8	2	63	38	66	89	24	93	12	63	
63	49	72	69	95	87	54	75	7	90	80	68	28	60	73	83	66	10	25	74	28	66	95	22	3	14	38	50	19	19	100	22	11	1	45	87	75	63	42	87	49	55	90	57	54	20	69	2	9	79	
39	10	6	51	36	32	58	90	9	71	21	87	78	14	68	82	9	80	42	4	61	95	46	65	18	2	81	82	70	35	42	88	46	83	89	16	51	54	55	11	22	20	65	79	99	53	16	73	97	99	
91	73	41	61	17	97	1	5	73	6	87	56	20	47	42	93	9	13	93	50	22	22	65	55	64	70	29	86	2	10	79	18	86	12	61	15	98	47	86	18	35	41	70	7	21	7	33	1	29	2	
30	76	44	67	18	59	15	36	52	75	85	10	51	84	40	31	86	32	11	30	98	3	18	64	11	60	47	72	79	84	71	55	66	18	75	45	79	65	50	74	59	94	11	54	96	2	1	24	53	62	
92	44	85	93	60	27	89	64	23	75	29	89	40	51	82	49	62	68	34	41	36	14	2	70	60	48	15	90	87	25	26	32	25	19	2	74	6	99	46	90	94	28	32	46	27	42	66	80	13	55	
54	63	49	13	91	5	84	83	52	4	12	84	77	51	75	84	64	17	40	24	39	38	81	29	47	15	58	70	77	5	81	13	19	9	13	20	36	11	51	22	33	52	62	92	72	44	87	49	43	72	
4	53	67	13	48	22	80	36	90	93	100	93	60	15	75	47	47	4	49	86	81	50	82	86	72	90	70	91	90	53	18	65	67	39	59	45	77	9	40	13	41	11	79	24	36	75	21	28	38	35	
57	22	65	50	7	3	3	18	8	52	50	24	51	77	49	85	59	61	58	43	56	19	70	2	79	87	77	90	69	56	5	68	18	37	23	83	81	100	59	30	79	56	89	10	32	89	9	63	69	7	
53	78	11	88	16	36	19	93	22	88	40	47	33	23	8	89	84	78	58	33	46	19	35	10	84	25	5	53	56	14	75	96	9	7	91	63	88	36	35	13	82	21	99	64	2	72	4	66	48	27	
86	99	91	53	4	58	42	91	3	3	14	69	60	58	43	88	26	14	47	42	26	100	42	79	71	26	81	18	5	75	31	30	74	40	19	89	47	94	76	16	16	85	42	26	66	7	51	9	80	25	
47	77	22	34	44	42	32	2	64	46	64	88	97	26	41	63	50	28	72	60	3	22	88	18	55	32	13	65	68	96	30	68	14	99	77	19	22	59	43	80	1	81	70	70	100	27	85	67	59	57	
54	41	40	82	9	14	68	94	48	80	9	59	80	100	15	7	64	90	19	50	47	11	46	86	66	25	19	67	18	9	74	14	84	62	82	29	28	1	26	29	93	41	57	94	19	30	94	63	20	42	
91	63	60	92	72	55	55	14	10	17	40	93	11	88	71	39	85	91	51	33	98	1	83	12	18	19	9	39	37	7	40	99	62	54	92	41	84	39	36	47	8	97	39	73	81	30	10	15	67	90	
94	36	75	52	22	43	92	14	66	61	62	5	63	8	99	31	4	80	37	29	97	45	89	61	75	2	13	59	23	91	19	77	82	92	94	62	42	32	70	22	50	45	39	23	27	70	11	62	85	38	
87	9	9	88	40	23	100	52	40	56	19	72	23	70	71	36	23	81	100	42	77	87	16	15	45	74	20	45	83	63	89	19	29	41	62	50	44	48	66	49	88	90	30	88	88	30	67	9	61	66	
12	90	47	79	98	92	18	37	84	43	60	36	91	100	93	12	90	80	77	10	74	75	51	98	79	6	36	77	81	88	47	22	28	84	42	44	58	67	20	38	71	9	88	3	88	98	51	16	60	58	
8	90	95	99	34	80	74	75	22	13	99	9	32	5	8	18	23	33	17	12	93	63	54	47	65	99	11	9	100	36	94	59	1	39	32	48	67	24	80	51	58	12	57	50	50	46	65	98	35	33	
40	42	97	6	25	81	50	84	94	10	63	46	67	14	99	81	8	74	90	29	16	42	55	86	50	46	51	40	59	35	76	43	26	36	70	66	20	80	23	73	18	40	62	22	53	69	63	2	98	55	
19	54	33	63	52	29	69	80	25	69	100	22	35	3	78	70	95	12	16	34	100	87	11	18	74	90	22	13	30	13	16	80	29	47	22	49	38	51	73	43	83	1	10	39	5	18	13	26	28	82	
78	10	45	11	2	2	18	7	13	29	19	54	28	47	56	99	83	17	63	92	8	49	22	35	59	94	33	41	79	82	16	1	93	8	50	88	71	58	18	83	39	77	83	40	13	82	60	86	31	87	
38	74	4	21	65	12	8	81	39	72	14	63	26	36	72	50	49	63	59	17	2	55	20	41	94	28	52	11	56	21	85	81	41	97	45	90	9	12	40	1	77	64	78	90	89	48	28	13	18	73	
27	34	39	92	25	37	87	95	81	7	54	19	70	12	90	96	66	82	69	65	63	90	65	70	11	32	62	79	89	99	42	70	57	39	39	30	88	57	62	10	83	78	47	9	97	48	61	72	99	45	
95	66	89	48	19	74	61	7	11	48	19	96	48	16	40	67	68	46	19	92	38	57	79	7	54	46	92	24	10	64	26	70	94	73	23	88	3	50	22	39	40	90	9	37	49	96	56	74	17	4	
4	51	6	55	52	37	91	61	59	1	58	79	41	13	85	19	43	100	77	45	66	54	99	21	96	27	72	36	32	2	66	100	19	81	27	88	88	50	53	5	13	89	97	49	52	11	44	76	99	9	
22	33	54	89	3	78	15	12	13	90	2	80	2	54	5	49	59	86	60	5	89	20	53	7	2	42	44	75	89	72	7	27	30	30	70	30	98	46	69	18	82	48	48	96	11	82	5	62	46	41	
46	98	21	6	16	27	21	31	52	13	55	96	27	49	5	6	31	17	60	93	24	69	16	33	1	66	87	21	9	4	51	85	94	10	11	67	51	65	63	13	60	28	61	56	44	5	12	63	84	31	
95	33	52	46	88	82	95	46	15	30	84	15	39	98	90	3	62	12	38	32	93	2	73	1	24	80	49	28	63	66	9	67	63	15	62	9	16	98	2	26	86	13	72	74	76	62	63	25	32	42	
85	79	15	100	18	85	27	18	39	100	90	44	24	43	71	49	84	18	43	36	12	9	97	29	53	13	43	38	69	48	80	59	20	67	85	61	60	35	98	28	31	18	99	17	99	46	84	32	24	72	
74	31	60	62	92	9	4	48	17	15	86	34	60	73	100	84	37	34	60	79	63	79	99	2	62	55	72	35	7	27	25	57	42	90	38	66	58	33	55	82	87	73	45	4	9	41	31	42	72	51	
