50
1279
1	33	16	25	40	4	74	87	53	20	54	97	90	89	61	97	34	41	27	16	4	65	71	43	45	98	16	83	75	57	95	95	39	42	54	31	72	32	90	16	73	12	45	16	13	52	41	76	97	25	
41	21	84	67	8	68	42	5	65	50	69	99	65	74	95	20	36	2	39	59	54	12	20	33	47	93	41	2	86	60	25	6	39	43	20	89	21	50	46	63	4	24	49	1	18	52	46	16	7	14	
21	18	15	55	7	29	59	66	35	88	48	46	9	74	57	54	63	3	39	93	20	82	95	79	67	69	35	59	18	15	87	7	46	10	59	71	76	47	43	54	81	20	91	45	32	94	94	66	10	85	
84	15	63	13	38	28	26	51	83	72	48	11	54	17	7	15	74	88	64	60	63	99	39	80	64	53	64	43	13	78	90	22	13	18	5	46	56	55	10	81	80	62	44	37	46	55	98	40	5	34	
67	55	13	80	38	67	15	77	41	19	17	3	31	89	66	82	66	26	17	72	30	7	70	85	45	2	1	8	10	77	77	52	92	46	83	11	11	15	72	78	74	92	20	1	51	77	72	12	76	53	
8	7	38	38	87	8	28	56	99	40	10	12	7	29	75	76	23	38	1	17	38	88	40	63	87	80	89	81	19	7	100	21	30	2	62	19	99	5	45	9	10	15	83	28	82	98	95	26	5	42	
68	29	28	67	8	50	87	77	56	30	70	46	32	79	82	31	53	66	20	1	20	47	99	59	10	69	4	30	96	8	36	71	100	76	100	54	100	15	61	50	90	23	56	56	41	99	97	79	39	87	
42	59	26	15	28	87	26	39	92	74	89	45	63	32	91	1	86	18	22	94	38	76	32	97	96	23	94	18	91	68	30	30	45	65	83	9	80	28	75	14	71	28	98	95	94	18	30	15	46	11	
5	66	51	77	56	77	39	57	83	90	9	8	25	83	61	98	32	46	7	4	52	93	10	45	36	17	89	2	25	89	73	41	2	16	59	33	95	97	58	52	70	14	46	62	86	12	98	34	92	52	
65	35	83	41	99	56	92	83	26	42	43	75	75	42	72	97	37	89	4	22	55	41	37	95	18	30	49	9	87	60	21	30	42	79	72	37	22	3	92	59	53	56	72	29	88	6	58	17	72	70	
50	88	72	19	40	30	74	90	42	91	24	58	98	48	64	100	26	99	11	92	57	10	90	14	50	49	29	24	50	14	46	7	96	9	16	66	75	34	26	2	10	19	98	32	94	52	22	39	84	45	
69	48	48	17	10	70	89	9	43	24	47	49	50	44	25	95	92	84	7	23	100	24	50	3	28	91	35	88	73	91	13	99	93	62	1	92	32	45	21	98	7	74	82	96	96	12	71	10	8	19	
99	46	11	3	12	46	45	8	75	58	49	21	12	56	35	2	63	40	42	80	68	97	72	18	66	36	94	10	83	91	2	48	5	72	97	47	22	9	13	26	61	65	38	96	30	92	14	34	19	91	
65	9	54	31	7	32	63	25	75	98	50	12	59	48	49	25	24	90	22	69	76	65	32	46	13	94	74	41	54	58	9	97	79	79	79	86	61	57	10	12	67	7	54	51	99	32	7	79	3	94	
74	74	17	89	29	79	32	83	42	48	44	56	48	40	39	74	84	8	61	70	82	73	36	88	21	24	89	92	9	83	15	32	5	8	6	71	59	37	99	56	86	93	40	24	46	89	68	88	77	53	
95	57	7	66	75	82	91	61	72	64	25	35	49	39	88	28	92	24	50	81	72	53	32	15	98	80	89	67	74	90	70	43	39	17	77	75	68	27	65	8	22	14	98	31	69	11	38	20	71	83	
20	54	15	82	76	31	1	98	97	100	95	2	25	74	28	50	4	19	32	41	56	43	13	76	37	24	100	47	73	67	21	65	12	27	9	93	99	31	43	76	65	70	8	99	57	59	70	60	62	80	
36	63	74	66	23	53	86	32	37	26	92	63	24	84	92	4	75	85	52	70	58	26	79	86	64	97	69	10	69	66	22	64	82	1	97	31	55	45	79	32	47	95	70	16	82	21	59	14	95	36	
2	3	88	26	38	66	18	46	89	99	84	40	90	8	24	19	85	61	35	100	47	74	93	86	48	52	45	58	6	85	27	11	96	47	13	23	24	93	60	74	7	80	58	23	34	24	64	56	86	25	
39	39	64	17	1	20	22	7	4	11	7	42	22	61	50	32	52	35	99	53	77	27	14	23	23	91	6	39	100	6	38	55	20	82	96	3	99	100	83	59	20	59	64	11	8	74	59	93	64	90	
59	93	60	72	17	1	94	4	22	92	23	80	69	70	81	41	70	100	53	29	30	39	30	96	71	98	75	51	100	30	63	22	35	89	12	64	74	92	35	45	32	67	49	7	74	84	93	80	41	7	
54	20	63	30	38	20	38	52	55	57	100	68	76	82	72	56	58	47	77	30	65	75	78	57	54	15	69	55	49	1	3	4	77	28	28	92	63	34	62	2	73	97	89	74	35	29	40	31	58	3	
12	82	99	7	88	47	76	93	41	10	24	97	65	73	53	43	26	74	27	39	75	70	43	47	29	72	10	50	86	55	20	24	90	96	49	35	2	38	85	32	54	18	71	88	78	8	15	78	73	56	
20	95	39	70	40	99	32	10	37	90	50	72	32	36	32	13	79	93	14	30	78	43	72	12	78	83	88	27	95	11	48	86	55	61	37	69	18	95	59	48	55	52	67	16	60	67	77	35	45	38	
33	79	80	85	63	59	97	45	95	14	3	18	46	88	15	76	86	86	23	96	57	47	12	38	20	41	21	78	48	63	43	9	10	26	92	68	12	55	30	94	22	15	2	61	75	92	52	89	68	75	
47	67	64	45	87	10	96	36	18	50	28	66	13	21	98	37	64	48	23	71	54	29	78	20	73	46	10	99	65	10	38	86	93	84	68	37	25	84	6	46	97	81	66	36	93	23	45	68	21	85	
93	69	53	2	80	69	23	17	30	49	91	36	94	24	80	24	97	52	91	98	15	72	83	41	46	10	74	92	32	64	17	65	43	46	29	54	16	60	11	82	77	37	63	60	78	39	8	96	60	90	
41	35	64	1	89	4	94	89	49	29	35	94	74	89	89	100	69	45	6	75	69	10	88	21	10	74	45	53	6	50	82	15	68	92	99	2	45	63	10	93	67	6	85	46	30	96	8	67	50	59	
2	59	43	8	81	30	18	2	9	24	88	10	41	92	67	47	10	58	39	51	55	50	27	78	99	92	53	14	69	7	69	96	20	62	5	26	47	59	7	30	18	94	70	72	76	26	30	74	17	50	
86	18	13	10	19	96	91	25	87	50	73	83	54	9	74	73	69	6	100	100	49	86	95	48	65	32	6	69	20	39	71	46	44	78	12	1	18	41	44	1	85	2	95	20	43	33	48	13	97	43	
60	15	78	77	7	8	68	89	60	14	91	91	58	83	90	67	66	85	6	30	1	55	11	63	10	64	50	7	39	54	20	66	48	11	98	60	46	19	74	38	33	5	90	71	42	3	29	46	72	68	
25	87	90	77	100	36	30	73	21	46	13	2	9	15	70	21	22	27	38	63	3	20	48	43	38	17	82	69	71	20	76	3	43	86	17	90	28	51	69	54	40	99	43	84	78	66	73	45	15	26	
6	7	22	52	21	71	30	41	30	7	99	48	97	32	43	65	64	11	55	22	4	24	86	9	86	65	15	96	46	66	3	85	68	90	67	96	61	80	24	7	37	61	31	93	24	54	36	22	68	62	
39	46	13	92	30	100	45	2	42	96	93	5	79	5	39	12	82	96	20	35	77	90	55	10	93	43	68	20	44	48	43	68	58	76	81	15	33	12	38	48	1	87	44	77	92	1	38	37	49	95	
43	10	18	46	2	76	65	16	79	9	62	72	79	8	17	27	1	47	82	89	28	96	61	26	84	46	92	62	78	11	86	90	76	65	54	40	47	23	81	18	81	2	92	55	94	34	49	17	52	75	
20	59	5	83	62	100	83	59	72	16	1	97	79	6	77	9	97	13	96	12	28	49	37	92	68	29	99	5	12	98	17	67	81	54	43	79	18	15	88	85	66	36	70	15	44	15	88	29	63	15	
89	71	46	11	19	54	9	33	37	66	92	47	86	71	75	93	31	23	3	64	92	35	69	68	37	54	2	26	1	60	90	96	15	40	79	7	95	51	4	31	23	73	64	92	52	62	5	57	57	48	
21	76	56	11	99	100	80	95	22	75	32	22	61	59	68	99	55	24	99	74	63	2	18	12	25	16	45	47	18	46	28	61	33	47	18	95	26	73	55	46	40	67	23	32	10	81	87	82	29	50	
50	47	55	15	5	15	28	97	3	34	45	9	57	37	27	31	45	93	100	92	34	38	95	55	84	60	63	59	41	19	51	80	12	23	15	51	73	46	86	8	45	22	85	70	25	30	34	26	18	93	
46	43	10	72	45	61	75	58	92	26	21	13	10	99	65	43	79	60	83	35	62	85	59	30	6	11	10	7	44	74	69	24	38	81	88	4	55	86	11	13	26	40	76	57	76	43	68	60	67	15	
63	54	81	78	9	50	14	52	59	2	98	26	12	56	8	76	32	74	59	45	2	32	48	94	46	82	93	30	1	38	54	7	48	18	85	31	46	8	13	12	28	13	13	48	43	89	59	62	50	47	
4	81	80	74	10	90	71	70	53	10	7	61	67	86	22	65	47	7	20	32	73	54	55	22	97	77	67	18	85	33	40	37	1	81	66	23	40	45	26	28	76	31	46	77	28	49	74	33	91	49	
24	20	62	92	15	23	28	14	56	19	74	65	7	93	14	70	95	80	59	67	97	18	52	15	81	37	6	94	2	5	99	61	87	2	36	73	67	22	40	13	31	51	82	83	40	82	47	26	100	16	
49	91	44	20	83	56	98	46	72	98	82	38	54	40	98	8	70	58	64	49	89	71	67	2	66	63	85	70	95	90	43	31	44	92	70	64	23	85	76	13	46	82	2	68	73	29	1	56	42	62	
1	45	37	1	28	56	95	62	29	32	96	96	51	24	31	99	16	23	11	7	74	88	16	61	36	60	46	72	20	71	84	93	77	55	15	92	32	70	57	48	77	83	68	65	65	77	38	1	47	27	
18	32	46	51	82	41	94	86	88	94	96	30	99	46	69	57	82	34	8	74	35	78	60	75	93	78	30	76	43	42	78	24	92	94	44	52	10	25	76	43	28	40	73	65	52	20	41	58	72	90	
52	94	55	77	98	99	18	12	6	52	12	92	32	89	11	59	21	24	74	84	29	8	67	92	23	39	96	26	33	3	66	54	1	34	15	62	81	30	43	89	49	82	29	77	20	84	48	8	28	13	
46	94	98	72	95	97	30	98	58	22	71	14	7	68	38	70	59	64	59	93	40	15	77	52	45	8	8	30	48	29	73	36	38	49	88	5	87	34	68	59	74	47	1	38	41	48	10	11	4	84	
16	66	40	12	26	79	15	34	17	39	10	34	79	88	20	60	14	56	93	80	31	78	35	89	68	96	67	74	13	46	45	22	37	17	29	57	82	26	60	62	33	26	56	1	58	8	11	77	7	64	
7	10	5	76	5	39	46	92	72	84	8	19	3	77	71	62	95	86	64	41	58	73	45	68	21	60	50	17	97	72	15	68	49	52	63	57	29	18	67	50	91	100	42	47	72	28	4	7	79	50	
14	85	34	53	42	87	11	52	70	45	19	91	94	53	83	80	36	25	90	7	3	56	38	75	85	90	59	50	43	68	26	62	95	75	15	48	50	93	15	47	49	16	62	27	90	13	84	64	50	50	
