50
1479
49	7	54	32	55	34	99	8	100	3	71	41	88	46	48	58	36	7	99	85	2	62	88	63	84	25	95	37	87	90	25	27	91	95	57	58	75	85	55	19	16	86	79	68	27	70	29	41	19	5	
71	100	42	7	14	22	77	9	62	56	95	40	81	69	95	81	39	63	50	88	64	27	96	28	33	45	8	73	28	65	76	78	25	94	67	26	33	28	45	72	40	24	9	71	7	26	90	3	6	33	
100	2	49	33	48	77	19	1	40	63	72	45	47	38	28	27	83	17	7	14	19	32	82	67	39	98	14	78	28	36	6	8	86	84	54	48	98	13	76	37	22	50	82	97	2	52	99	93	24	60	
42	49	41	5	89	65	21	10	7	57	61	86	84	71	66	94	7	87	58	32	25	6	61	65	84	45	97	23	86	75	35	36	24	13	56	98	3	19	92	57	10	88	75	43	81	31	62	90	68	78	
7	33	5	45	86	70	60	63	11	90	13	43	68	89	38	2	90	80	38	27	74	98	67	59	6	96	84	77	11	28	85	10	97	21	59	28	11	50	8	45	73	73	95	24	9	41	22	58	50	23	
14	48	89	86	66	37	68	86	4	1	75	48	66	45	62	33	17	76	88	9	11	74	53	22	37	81	80	11	25	53	41	92	51	37	73	9	87	35	84	39	47	62	19	84	48	43	77	68	97	53	
22	77	65	70	37	11	38	71	15	45	53	92	84	76	81	51	1	17	42	97	57	53	36	42	85	58	58	24	83	91	44	97	46	94	35	84	39	66	83	77	51	2	40	24	88	84	23	56	54	74	
77	19	21	60	68	38	68	67	3	51	21	37	26	90	39	32	56	24	49	49	11	18	89	70	3	1	40	71	35	83	66	43	26	85	56	88	51	30	99	73	96	100	6	92	85	44	49	41	87	27	
9	1	10	63	86	71	67	24	12	5	56	29	36	25	14	79	17	58	98	49	89	24	96	50	71	6	41	39	16	5	50	100	99	71	71	95	60	32	91	6	41	42	48	56	26	86	6	81	19	49	
62	40	7	11	4	15	3	12	22	99	56	60	71	20	50	50	48	37	74	15	66	44	40	68	67	91	15	80	23	76	25	6	97	53	42	32	29	31	21	73	4	50	17	85	48	30	76	56	41	44	
56	63	57	90	1	45	51	5	99	61	82	55	55	98	94	97	81	31	7	75	12	52	84	49	82	37	17	75	56	53	98	38	69	3	41	9	91	6	4	40	23	91	32	19	88	47	35	98	86	53	
95	72	61	13	75	53	21	56	56	82	40	43	75	100	94	51	77	87	91	60	58	26	88	59	77	34	12	87	17	29	20	26	45	32	14	77	76	84	21	87	58	82	15	19	43	89	55	13	49	95	
40	45	86	43	48	92	37	29	60	55	43	96	14	81	99	55	70	57	5	100	99	72	34	31	29	7	99	51	17	10	16	22	7	20	46	8	51	47	84	24	40	88	11	54	83	19	22	17	73	74	
81	47	84	68	66	84	26	36	71	55	75	14	27	84	68	72	41	20	21	5	46	90	14	56	5	87	85	84	45	97	61	29	34	36	18	86	15	72	70	19	99	23	77	85	17	8	97	44	79	55	
69	38	71	89	45	76	90	25	20	98	100	81	84	90	29	14	27	77	7	49	93	84	87	54	6	9	99	82	51	34	61	26	17	47	29	92	54	11	53	38	53	58	21	40	62	83	24	77	62	57	
95	28	66	38	62	81	39	14	50	94	94	99	68	29	94	64	38	34	63	48	26	100	15	18	38	71	89	27	36	86	86	6	97	68	34	64	62	57	36	100	53	96	11	80	72	87	16	76	57	13	
81	27	94	2	33	51	32	79	50	97	51	55	72	14	64	65	49	16	13	93	49	93	89	74	8	74	27	78	2	84	99	24	81	41	5	17	80	18	96	15	38	41	100	52	10	74	10	6	74	21	
39	83	7	90	17	1	56	17	48	81	77	70	41	27	38	49	80	96	60	97	43	63	41	13	63	35	15	30	56	30	49	86	48	31	94	61	99	43	42	36	65	55	46	59	25	64	21	52	27	2	
63	17	87	80	76	17	24	58	37	31	87	57	20	77	34	16	96	20	3	70	41	24	31	58	10	21	5	83	38	38	70	94	61	11	64	68	66	57	18	100	46	89	30	18	5	20	94	88	81	78	
50	7	58	38	88	42	49	98	74	7	91	5	21	7	63	13	60	3	37	65	33	74	1	46	26	64	66	76	3	53	31	38	52	79	64	21	15	31	36	64	99	45	95	79	95	79	11	80	15	61	
88	14	32	27	9	97	49	49	15	75	60	100	5	49	48	93	97	70	65	19	20	30	35	2	41	75	9	32	45	85	74	44	85	46	47	92	22	47	91	47	55	91	85	49	3	6	66	5	82	6	
64	19	25	74	11	57	11	89	66	12	58	99	46	93	26	49	43	41	33	20	23	76	28	30	29	52	69	46	68	77	25	68	92	3	80	48	95	16	93	18	79	4	27	83	34	16	13	57	67	8	
27	32	6	98	74	53	18	24	44	52	26	72	90	84	100	93	63	24	74	30	76	29	6	51	68	56	59	79	13	53	47	70	32	53	71	20	87	41	89	84	3	79	50	32	4	90	71	46	17	78	
96	82	61	67	53	36	89	96	40	84	88	34	14	87	15	89	41	31	1	35	28	6	31	68	1	27	90	58	21	9	71	63	50	94	66	58	74	71	30	54	7	56	60	52	83	46	27	79	99	7	
28	67	65	59	22	42	70	50	68	49	59	31	56	54	18	74	13	58	46	2	30	51	68	81	70	63	21	38	5	60	99	1	84	74	40	32	43	98	68	75	61	87	100	82	92	85	32	53	43	56	
33	39	84	6	37	85	3	71	67	82	77	29	5	6	38	8	63	10	26	41	29	68	1	70	70	19	37	16	25	49	61	19	25	16	1	11	76	9	77	87	56	41	11	53	7	81	36	20	13	53	
45	98	45	96	81	58	1	6	91	37	34	7	87	9	71	74	35	21	64	75	52	56	27	63	19	65	20	58	13	58	76	36	11	64	8	53	60	40	9	72	54	79	20	97	85	31	86	21	94	9	
8	14	97	84	80	58	40	41	15	17	12	99	85	99	89	27	15	5	66	9	69	59	90	21	37	20	23	40	83	11	54	6	39	95	10	17	20	38	5	12	57	25	85	73	63	96	39	37	95	87	
73	78	23	77	11	24	71	39	80	75	87	51	84	82	27	78	30	83	76	32	46	79	58	38	16	58	40	95	6	7	92	65	23	49	43	76	83	84	7	98	98	81	27	71	72	78	16	49	8	55	
28	28	86	11	25	83	35	16	23	56	17	17	45	51	36	2	56	38	3	45	68	13	21	5	25	13	83	6	7	51	45	5	77	35	58	77	4	93	14	2	42	29	22	3	6	16	13	9	61	18	
65	36	75	28	53	91	83	5	76	53	29	10	97	34	86	84	30	38	53	85	77	53	9	60	49	58	11	7	51	69	75	40	50	24	98	67	31	26	22	55	21	15	45	17	12	71	32	84	39	92	
76	6	35	85	41	44	66	50	25	98	20	16	61	61	86	99	49	70	31	74	25	47	71	99	61	76	54	92	45	75	35	26	66	45	43	50	95	48	34	69	10	17	45	80	58	67	70	27	39	62	
78	8	36	10	92	97	43	100	6	38	26	22	29	26	6	24	86	94	38	44	68	70	63	1	19	36	6	65	5	40	26	53	99	88	68	86	67	13	7	62	4	50	71	50	51	97	70	50	74	88	
25	86	24	97	51	46	26	99	97	69	45	7	34	17	97	81	48	61	52	85	92	32	50	84	25	11	39	23	77	50	66	99	41	87	70	75	1	27	38	23	80	65	15	29	78	77	18	66	26	37	
94	84	13	21	37	94	85	71	53	3	32	20	36	47	68	41	31	11	79	46	3	53	94	74	16	64	95	49	35	24	45	88	87	11	70	50	40	6	26	90	31	6	27	58	16	86	73	34	18	4	
67	54	56	59	73	35	56	71	42	41	14	46	18	29	34	5	94	64	64	47	80	71	66	40	1	8	10	43	58	98	43	68	70	70	25	51	51	84	27	44	69	85	34	40	86	99	55	63	37	70	
26	48	98	28	9	84	88	95	32	9	77	8	86	92	64	17	61	68	21	92	48	20	58	32	11	53	17	76	77	67	50	86	75	50	51	30	38	22	86	39	19	55	13	96	53	93	2	27	91	48	
33	98	3	11	87	39	51	60	29	91	76	51	15	54	62	80	99	66	15	22	95	87	74	43	76	60	20	83	4	31	95	67	1	40	51	38	31	58	75	19	41	70	85	16	39	2	44	73	100	22	
28	13	19	50	35	66	30	32	31	6	84	47	72	11	57	18	43	57	31	47	16	41	71	98	9	40	38	84	93	26	48	13	27	6	84	22	58	94	19	62	94	53	14	56	26	94	22	87	50	49	
45	76	92	8	84	83	99	91	21	4	21	84	70	53	36	96	42	18	36	91	93	89	30	68	77	9	5	7	14	22	34	7	38	26	27	86	75	19	68	58	31	24	45	4	50	91	92	48	12	29	
72	37	57	45	39	77	73	6	73	40	87	24	19	38	100	15	36	100	64	47	18	84	54	75	87	72	12	98	2	55	69	62	23	90	44	39	19	62	58	27	68	70	86	66	62	19	28	36	61	41	
40	22	10	73	47	51	96	41	4	23	58	40	99	53	53	38	65	46	99	55	79	3	7	61	56	54	57	98	42	21	10	4	80	31	69	19	41	94	31	68	93	65	92	17	8	27	8	20	35	95	
24	50	88	73	62	2	100	42	50	91	82	88	23	58	96	41	55	89	45	91	4	79	56	87	41	79	25	81	29	15	17	50	65	6	85	55	70	53	24	70	65	69	59	24	83	66	32	35	90	20	
9	82	75	95	19	40	6	48	17	32	15	11	77	21	11	100	46	30	95	85	27	50	60	100	11	20	85	27	22	45	45	71	15	27	34	13	85	14	45	86	92	59	20	38	89	81	28	48	25	64	
71	97	43	24	84	24	92	56	85	19	19	54	85	40	80	52	59	18	79	49	83	32	52	82	53	97	73	71	3	17	80	50	29	58	40	96	16	56	4	66	17	24	38	40	10	30	48	20	47	83	
7	2	81	9	48	88	85	26	48	88	43	83	17	62	72	10	25	5	95	3	34	4	83	92	7	85	63	72	6	12	58	51	78	16	86	53	39	26	50	62	8	83	89	10	11	99	11	84	24	46	
26	52	31	41	43	84	44	86	30	47	89	19	8	83	87	74	64	20	79	6	16	90	46	85	81	31	96	78	16	71	67	97	77	86	99	93	2	94	91	19	27	66	81	30	99	24	87	89	85	87	
90	99	62	22	77	23	49	6	76	35	55	22	97	24	16	10	21	94	11	66	13	71	27	32	36	86	39	16	13	32	70	70	18	73	55	2	44	22	92	28	8	32	28	48	11	87	87	66	95	80	
3	93	90	58	68	56	41	81	56	98	13	17	44	77	76	6	52	88	80	5	57	46	79	53	20	21	37	49	9	84	27	50	66	34	63	27	73	87	48	36	20	35	48	20	84	89	66	36	87	27	
6	24	68	50	97	54	87	19	41	86	49	73	79	62	57	74	27	81	15	82	67	17	99	43	13	94	95	8	61	39	39	74	26	18	37	91	100	50	12	61	35	90	25	47	24	85	95	87	65	38	
33	60	78	23	53	74	27	49	44	53	95	74	55	57	13	21	2	78	61	6	8	78	7	56	53	9	87	55	18	92	62	88	37	4	70	48	22	49	29	41	95	20	64	83	46	87	80	27	38	80	
