50
1537
28	56	86	50	72	30	66	90	100	84	42	15	98	97	36	56	96	70	79	76	60	21	29	20	97	14	98	98	61	21	98	12	99	11	1	78	4	66	49	40	62	57	14	62	28	66	35	25	98	42	
10	72	57	12	90	10	58	44	6	8	89	27	66	30	16	5	96	36	15	45	30	67	70	31	54	4	3	96	9	52	36	36	39	24	42	35	15	12	82	68	23	26	65	75	92	86	8	55	7	53	
72	69	68	15	14	34	38	79	29	5	30	84	17	44	58	14	45	37	87	11	50	50	95	67	43	40	74	86	39	89	41	48	79	56	30	89	83	20	13	64	76	29	46	74	3	87	35	71	4	19	
57	68	72	68	55	10	44	40	26	2	63	3	25	5	40	51	48	79	64	51	15	54	88	75	30	95	90	53	4	12	37	60	53	99	72	78	32	82	11	97	47	82	42	73	14	84	88	75	15	99	
12	15	68	59	33	41	45	37	19	98	15	35	25	70	68	75	11	18	39	2	17	41	23	58	48	1	97	45	19	70	31	52	23	12	85	28	72	96	67	27	8	25	75	42	35	61	71	96	81	59	
90	14	55	33	38	8	64	12	59	46	31	75	54	36	94	71	50	64	5	29	36	85	28	74	65	95	24	8	1	47	7	69	57	43	18	74	93	16	93	99	19	7	50	83	85	15	48	12	44	88	
10	34	10	41	8	46	18	66	27	86	78	42	64	64	15	94	49	32	87	15	75	52	60	91	14	15	25	18	41	35	37	43	7	100	52	89	53	58	33	22	74	67	3	11	58	72	68	87	32	37	
58	38	44	45	64	18	59	68	4	10	15	92	79	42	5	4	71	56	17	4	11	72	76	20	82	12	88	78	65	40	17	61	2	43	57	68	12	79	44	92	89	75	3	67	86	60	73	64	31	79	
44	79	40	37	12	66	68	94	51	69	49	37	19	4	42	51	14	49	46	71	90	51	95	82	42	82	89	65	47	54	84	66	50	98	77	39	46	55	81	12	74	63	61	40	74	81	7	17	71	66	
6	29	26	19	59	27	4	51	76	78	95	46	13	17	14	91	19	32	3	82	38	11	30	10	68	47	96	60	31	87	59	81	78	4	12	52	50	61	11	38	5	6	67	71	54	13	97	46	51	20	
8	5	2	98	46	86	10	69	78	92	23	3	75	97	28	27	19	72	72	41	27	85	38	61	56	62	73	83	9	34	60	40	28	55	8	22	39	78	58	24	55	22	78	67	88	60	11	49	55	100	
89	30	63	15	31	78	15	49	95	23	86	38	73	58	87	70	73	16	73	74	15	99	77	82	48	86	17	92	4	65	74	73	10	65	68	60	39	90	33	50	85	47	57	80	83	46	34	37	31	21	
27	84	3	35	75	42	92	37	46	3	38	62	41	100	15	81	21	28	66	86	91	40	43	30	89	64	35	19	46	95	26	63	11	96	90	81	6	26	29	4	99	90	50	99	96	94	46	44	19	44	
66	17	25	25	54	64	79	19	13	75	73	41	1	49	97	42	56	67	96	30	82	8	28	98	82	1	81	10	39	61	18	23	74	86	18	97	56	62	1	34	64	20	77	98	55	96	73	19	53	51	
30	44	5	70	36	64	42	4	17	97	58	100	49	65	30	56	12	27	14	7	5	64	100	27	58	71	20	30	100	27	53	86	88	83	96	98	28	81	95	35	61	90	88	45	83	90	70	19	9	41	
16	58	40	68	94	15	5	42	14	28	87	15	97	30	59	29	55	91	92	48	71	17	64	60	36	5	71	96	78	11	6	27	66	9	35	33	85	88	37	20	34	46	54	87	60	69	93	56	50	27	
5	14	51	75	71	94	4	51	91	27	70	81	42	56	29	83	77	12	36	9	93	32	98	77	87	8	94	88	74	2	91	81	87	51	7	19	49	2	13	80	59	10	62	95	64	16	26	28	46	40	
96	45	48	11	50	49	71	14	19	19	73	21	56	12	55	77	29	50	9	35	98	86	15	50	92	50	31	35	43	11	73	90	48	65	70	75	67	84	65	94	62	77	73	54	56	59	46	90	70	24	
36	37	79	18	64	32	56	49	32	72	16	28	67	27	91	12	50	71	76	89	97	87	92	87	43	36	32	83	74	51	58	43	43	39	10	75	52	26	64	46	15	91	43	17	25	5	41	47	83	97	
15	87	64	39	5	87	17	46	3	72	73	66	96	14	92	36	9	76	56	74	18	27	76	98	53	54	24	25	71	79	72	66	41	95	35	65	45	77	78	44	47	88	23	29	28	7	24	53	78	3	
45	11	51	2	29	15	4	71	82	41	74	86	30	7	48	9	35	89	74	80	1	73	2	80	25	2	42	44	7	25	77	59	17	65	52	78	90	95	44	28	77	58	46	27	77	4	8	17	53	79	
30	50	15	17	36	75	11	90	38	27	15	91	82	5	71	93	98	97	18	1	66	45	87	5	83	84	77	27	95	89	76	66	16	87	4	8	91	66	5	9	45	49	85	22	42	84	50	45	80	3	
67	50	54	41	85	52	72	51	11	85	99	40	8	64	17	32	86	87	27	73	45	37	42	46	97	53	31	94	26	13	77	48	13	4	99	18	71	47	94	62	78	23	92	53	89	56	96	76	84	73	
70	95	88	23	28	60	76	95	30	38	77	43	28	100	64	98	15	92	76	2	87	42	65	56	74	74	10	5	67	30	17	33	64	10	54	79	98	20	64	66	53	54	74	97	31	18	33	94	2	72	
31	67	75	58	74	91	20	82	10	61	82	30	98	27	60	77	50	87	98	80	5	46	56	90	25	79	80	49	72	53	56	25	35	14	82	26	41	1	100	36	98	39	23	27	74	91	44	18	100	70	
54	43	30	48	65	14	82	42	68	56	48	89	82	58	36	87	92	43	53	25	83	97	74	25	27	100	97	78	12	34	22	13	35	68	57	87	30	81	33	85	31	100	90	41	82	10	49	46	79	65	
4	40	95	1	95	15	12	82	47	62	86	64	1	71	5	8	50	36	54	2	84	53	74	79	100	42	13	11	98	64	19	15	63	96	60	18	86	69	15	66	92	74	73	77	67	73	63	82	66	59	
3	74	90	97	24	25	88	89	96	73	17	35	81	20	71	94	31	32	24	42	77	31	10	80	97	13	10	13	13	63	75	74	59	64	32	58	65	57	71	25	46	68	76	69	47	38	24	46	41	58	
96	86	53	45	8	18	78	65	60	83	92	19	10	30	96	88	35	83	25	44	27	94	5	49	78	11	13	25	50	8	80	57	58	4	64	42	6	15	29	43	90	60	94	79	24	50	52	36	3	18	
9	39	4	19	1	41	65	47	31	9	4	46	39	100	78	74	43	74	71	7	95	26	67	72	12	98	13	50	73	1	20	29	95	88	60	65	100	86	7	12	24	63	80	61	38	74	16	23	42	26	
52	89	12	70	47	35	40	54	87	34	65	95	61	27	11	2	11	51	79	25	89	13	30	53	34	64	63	8	1	5	69	40	77	65	57	33	25	22	85	60	70	56	41	39	27	73	21	45	75	88	
36	41	37	31	7	37	17	84	59	60	74	26	18	53	6	91	73	58	72	77	76	77	17	56	22	19	75	80	20	69	95	95	67	18	64	52	60	52	89	69	75	50	95	67	22	88	91	46	11	2	
36	48	60	52	69	43	61	66	81	40	73	63	23	86	27	81	90	43	66	59	66	48	33	25	13	15	74	57	29	40	95	17	57	75	52	55	23	30	88	86	45	5	57	17	11	93	21	72	18	35	
39	79	53	23	57	7	2	50	78	28	10	11	74	88	66	87	48	43	41	17	16	13	64	35	35	63	59	58	95	77	67	57	20	28	81	24	70	38	61	37	2	97	27	90	34	37	94	22	92	55	
24	56	99	12	43	100	43	98	4	55	65	96	86	83	9	51	65	39	95	65	87	4	10	14	68	96	64	4	88	65	18	75	28	33	15	7	58	88	44	22	20	24	45	71	73	42	27	13	75	26	
42	30	72	85	18	52	57	77	12	8	68	90	18	96	35	7	70	10	35	52	4	99	54	82	57	60	32	64	60	57	64	52	81	15	22	55	50	66	73	12	94	28	9	16	18	54	17	82	89	81	
35	89	78	28	74	89	68	39	52	22	60	81	97	98	33	19	75	75	65	78	8	18	79	26	87	18	58	42	65	33	52	55	24	7	55	22	30	60	99	93	27	86	13	34	54	100	27	15	28	24	
15	83	32	72	93	53	12	46	50	39	39	6	56	28	85	49	67	52	45	90	91	71	98	41	30	86	65	6	100	25	60	23	70	58	50	30	10	24	91	56	58	96	97	13	73	4	23	8	59	48	
12	20	82	96	16	58	79	55	61	78	90	26	62	81	88	2	84	26	77	95	66	47	20	1	81	69	57	15	86	22	52	30	38	88	66	60	24	27	16	23	70	43	35	12	30	42	74	47	65	70	
82	13	11	67	93	33	44	81	11	58	33	29	1	95	37	13	65	64	78	44	5	94	64	100	33	15	71	29	7	85	89	88	61	44	73	99	91	16	38	19	67	72	100	15	28	90	9	3	9	5	
68	64	97	27	99	22	92	12	38	24	50	4	34	35	20	80	94	46	44	28	9	62	66	36	85	66	25	43	12	60	69	86	37	22	12	93	56	23	19	64	45	96	78	49	77	96	81	29	27	54	
23	76	47	8	19	74	89	74	5	55	85	99	64	61	34	59	62	15	47	77	45	78	53	98	31	92	46	90	24	70	75	45	2	20	94	27	58	70	67	45	74	19	27	38	28	49	76	45	62	6	
26	29	82	25	7	67	75	63	6	22	47	90	20	90	46	10	77	91	88	58	49	23	54	39	100	74	68	60	63	56	50	5	97	24	28	86	96	43	72	96	19	39	21	37	34	69	33	38	77	45	
65	46	42	75	50	3	3	61	67	78	57	50	77	88	54	62	73	43	23	46	85	92	74	23	90	73	76	94	80	41	95	57	27	45	9	13	97	35	100	78	27	21	21	41	22	39	20	92	64	78	
75	74	73	42	83	11	67	40	71	67	80	99	98	45	87	95	54	17	29	27	22	53	97	27	41	77	69	79	61	39	67	17	90	71	16	34	13	12	15	49	38	37	41	12	92	54	49	77	92	56	
92	3	14	35	85	58	86	74	54	88	83	96	55	83	60	64	56	25	28	77	42	89	31	74	82	67	47	24	38	27	22	11	34	73	18	54	73	30	28	77	28	34	22	92	87	11	4	2	86	4	
86	87	84	61	15	72	60	81	13	60	46	94	96	90	69	16	59	5	7	4	84	56	18	91	10	73	38	50	74	73	88	93	37	42	54	100	4	42	90	96	49	69	39	54	11	47	43	62	33	2	
8	35	88	71	48	68	73	7	97	11	34	46	73	70	93	26	46	41	24	8	50	96	33	44	49	63	24	52	16	21	91	21	94	27	17	27	23	74	9	81	76	33	20	49	4	43	89	66	72	26	
55	71	75	96	12	87	64	17	46	49	37	44	19	19	56	28	90	47	53	17	45	76	94	18	46	82	46	36	23	45	46	72	22	13	82	15	8	47	3	29	45	38	92	77	2	62	66	15	89	75	
7	4	15	81	44	32	31	71	51	55	31	19	53	9	50	46	70	83	78	53	80	84	2	100	79	66	41	3	42	75	11	18	92	75	89	28	59	65	9	27	62	77	64	92	86	33	72	89	24	93	
53	19	99	59	88	37	79	66	20	100	21	44	51	41	27	40	24	97	3	79	3	73	72	70	65	59	58	18	26	88	2	35	55	26	81	24	48	70	5	54	6	45	78	56	4	2	26	75	93	82	
