50
1347
65	53	48	73	98	35	75	69	91	11	91	67	34	84	36	84	27	3	87	26	19	20	87	83	4	70	58	86	76	59	14	41	31	61	91	72	72	11	86	85	16	13	25	96	58	54	35	11	22	18	
1	19	17	25	51	80	65	14	96	16	89	9	55	66	46	47	49	54	95	12	38	82	81	90	51	23	37	63	27	61	84	26	84	62	5	80	32	73	31	98	100	64	41	25	1	28	23	46	42	52	
19	66	86	84	75	61	22	74	81	26	64	88	2	80	10	44	16	70	65	41	27	16	22	5	42	24	23	49	69	75	61	53	35	88	66	26	36	95	76	7	73	3	24	59	69	29	49	67	29	19	
17	86	86	4	73	34	53	11	73	29	78	76	75	43	34	97	48	13	75	44	89	31	61	92	91	3	49	97	79	20	85	43	85	46	78	24	67	28	44	89	27	78	91	8	89	99	60	79	58	47	
25	84	4	20	83	88	93	75	42	69	29	7	75	4	2	79	78	37	8	81	30	14	75	99	63	88	22	10	28	83	41	3	40	82	85	97	11	22	21	15	72	85	35	30	6	68	34	89	3	7	
51	75	73	83	94	40	75	83	71	37	86	5	73	78	85	99	30	1	49	74	31	33	64	37	9	83	29	86	53	13	12	7	16	58	85	27	44	93	14	15	83	64	22	50	42	45	90	37	38	79	
80	61	34	88	40	37	86	95	84	67	73	58	53	74	64	14	1	19	13	39	1	52	4	37	4	66	4	77	88	25	86	12	39	29	50	44	45	98	3	60	8	24	20	50	3	93	72	67	66	20	
65	22	53	93	75	86	30	87	53	41	38	28	82	90	38	25	8	41	18	93	91	9	9	81	22	78	70	54	79	49	79	8	23	75	79	51	75	54	63	63	35	12	6	94	86	26	31	26	12	40	
14	74	11	75	83	95	87	96	73	56	12	66	61	34	41	68	82	61	37	28	33	79	84	61	49	53	41	35	45	52	3	46	13	65	56	78	92	54	93	55	8	69	10	75	27	17	1	87	18	87	
96	81	73	42	71	84	53	73	67	47	32	19	93	83	65	49	27	56	55	73	26	44	98	65	55	100	20	45	67	96	82	32	60	47	44	40	48	62	68	69	91	90	85	13	2	45	24	8	49	18	
16	26	29	69	37	67	41	56	47	24	92	62	18	97	26	8	82	87	22	10	100	57	81	22	25	19	63	37	7	55	85	60	1	9	12	67	91	61	66	16	48	69	92	17	70	35	22	55	78	56	
89	64	78	29	86	73	38	12	32	92	54	5	78	45	38	67	39	46	97	51	27	41	87	53	40	65	85	99	29	74	20	74	65	76	78	49	34	45	47	2	4	12	95	7	15	50	88	92	71	81	
9	88	76	7	5	58	28	66	19	62	5	18	6	13	53	96	61	89	75	52	63	41	5	96	76	11	58	59	78	30	37	82	25	40	99	41	88	12	6	94	64	39	56	40	66	93	47	29	97	33	
55	2	75	75	73	53	82	61	93	18	78	6	50	93	77	20	78	16	33	28	14	83	77	87	84	17	47	13	70	77	32	25	8	24	94	80	100	48	98	68	37	36	31	74	56	87	84	65	23	44	
66	80	43	4	78	74	90	34	83	97	45	13	93	24	76	36	22	88	42	91	96	44	20	46	53	46	4	42	6	24	33	99	96	24	18	22	65	75	50	29	96	54	15	88	71	91	20	26	91	27	
46	10	34	2	85	64	38	41	65	26	38	53	77	76	21	96	16	13	24	12	3	20	19	43	61	84	67	40	17	58	53	32	10	31	70	85	53	72	62	26	25	30	97	50	49	57	18	44	25	15	
47	44	97	79	99	14	25	68	49	8	67	96	20	36	96	50	74	58	92	12	97	43	56	64	88	66	69	32	70	65	65	76	28	70	41	55	32	60	86	95	100	33	38	72	31	58	68	97	47	92	
49	16	48	78	30	1	8	82	27	82	39	61	78	22	16	74	11	17	99	30	3	6	62	22	2	9	95	95	63	65	94	61	93	94	4	100	81	72	12	87	36	21	96	74	63	74	25	24	90	79	
54	70	13	37	1	19	41	61	56	87	46	89	16	88	13	58	17	61	86	56	54	66	92	70	20	29	95	82	69	70	69	81	5	89	36	59	7	27	63	57	58	29	9	53	27	87	21	88	73	79	
95	65	75	8	49	13	18	37	55	22	97	75	33	42	24	92	99	86	91	43	62	11	92	50	68	81	71	50	49	63	39	72	53	93	84	60	52	23	88	99	20	100	15	86	27	23	76	18	33	87	
12	41	44	81	74	39	93	28	73	10	51	52	28	91	12	12	30	56	43	81	25	9	98	69	75	70	17	10	14	8	75	33	2	93	87	46	68	2	51	49	12	23	52	100	14	43	57	15	90	50	
38	27	89	30	31	1	91	33	26	100	27	63	14	96	3	97	3	54	62	25	1	35	78	72	9	36	47	62	17	79	44	72	70	6	81	5	71	1	89	52	3	28	74	60	87	99	88	42	90	16	
82	16	31	14	33	52	9	79	44	57	41	41	83	44	20	43	6	66	11	9	35	67	29	57	30	54	86	21	18	25	4	59	90	7	46	48	67	62	86	89	26	8	83	94	26	99	65	20	1	58	
81	22	61	75	64	4	9	84	98	81	87	5	77	20	19	56	62	92	92	98	78	29	14	89	28	53	12	7	57	34	84	18	15	27	65	60	71	21	62	82	80	75	60	16	78	100	57	20	65	65	
90	5	92	99	37	37	81	61	65	22	53	96	87	46	43	64	22	70	50	69	72	57	89	57	21	41	93	79	91	15	20	20	51	43	25	35	28	64	36	70	6	41	14	70	35	8	28	41	87	97	
51	42	91	63	9	4	22	49	55	25	40	76	84	53	61	88	2	20	68	75	9	30	28	21	53	60	6	13	79	41	68	31	11	12	20	26	42	53	22	71	47	71	31	61	70	14	38	78	26	66	
23	24	3	88	83	66	78	53	100	19	65	11	17	46	84	66	9	29	81	70	36	54	53	41	60	48	41	56	89	29	8	74	16	86	44	40	28	15	83	84	96	25	48	11	58	78	34	62	11	25	
37	23	49	22	29	4	70	41	20	63	85	58	47	4	67	69	95	95	71	17	47	86	12	93	6	41	95	36	38	43	87	59	50	52	20	95	57	31	71	89	5	32	60	63	21	5	62	89	46	31	
63	49	97	10	86	77	54	35	45	37	99	59	13	42	40	32	95	82	50	10	62	21	7	79	13	56	36	4	100	78	94	17	58	19	78	33	79	41	53	37	68	18	13	34	53	77	39	85	60	55	
27	69	79	28	53	88	79	45	67	7	29	78	70	6	17	70	63	69	49	14	17	18	57	91	79	89	38	100	78	42	33	39	57	15	43	20	63	4	52	56	89	43	42	13	100	84	96	56	27	9	
61	75	20	83	13	25	49	52	96	55	74	30	77	24	58	65	65	70	63	8	79	25	34	15	41	29	43	78	42	51	38	6	35	2	17	37	15	60	5	88	23	93	32	45	40	98	58	100	78	64	
84	61	85	41	12	86	79	3	82	85	20	37	32	33	53	65	94	69	39	75	44	4	84	20	68	8	87	94	33	38	58	81	75	43	61	100	23	33	10	70	53	99	62	54	89	95	12	29	44	88	
26	53	43	3	7	12	8	46	32	60	74	82	25	99	32	76	61	81	72	33	72	59	18	20	31	74	59	17	39	6	81	11	36	8	93	18	33	14	8	63	2	76	95	62	34	2	39	67	85	6	
84	35	85	40	16	39	23	13	60	1	65	25	8	96	10	28	93	5	53	2	70	90	15	51	11	16	50	58	57	35	75	36	55	37	65	21	31	8	23	39	31	94	22	54	79	70	55	66	62	80	
62	88	46	82	58	29	75	65	47	9	76	40	24	24	31	70	94	89	93	93	6	7	27	43	12	86	52	19	15	2	43	8	37	10	27	92	27	35	36	62	69	30	9	78	23	28	72	67	53	59	
5	66	78	85	85	50	79	56	44	12	78	99	94	18	70	41	4	36	84	87	81	46	65	25	20	44	20	78	43	17	61	93	65	27	34	36	100	88	67	22	94	38	80	77	64	8	59	23	74	30	
80	26	24	97	27	44	51	78	40	67	49	41	80	22	85	55	100	59	60	46	5	48	60	35	26	40	95	33	20	37	100	18	21	92	36	91	56	7	64	65	75	56	61	96	99	72	25	99	10	31	
32	36	67	11	44	45	75	92	48	91	34	88	100	65	53	32	81	7	52	68	71	67	71	28	42	28	57	79	63	15	23	33	31	27	100	56	71	63	72	79	99	77	66	80	79	15	25	73	14	74	
73	95	28	22	93	98	54	54	62	61	45	12	48	75	72	60	72	27	23	2	1	62	21	64	53	15	31	41	4	60	33	14	8	35	88	7	63	98	56	94	28	96	76	56	27	72	100	33	77	17	
31	76	44	21	14	3	63	93	68	66	47	6	98	50	62	86	12	63	88	51	89	86	62	36	22	83	71	53	52	5	10	8	23	36	67	64	72	56	88	35	8	28	93	21	51	27	43	17	78	13	
98	7	89	15	15	60	63	55	69	16	2	94	68	29	26	95	87	57	99	49	52	89	82	70	71	84	89	37	56	88	70	63	39	62	22	65	79	94	35	84	68	92	62	13	92	56	44	59	81	22	
100	73	27	72	83	8	35	8	91	48	4	64	37	96	25	100	36	58	20	12	3	26	80	6	47	96	5	68	89	23	53	2	31	69	94	75	99	28	8	68	10	70	2	88	64	23	82	54	68	33	
64	3	78	85	64	24	12	69	90	69	12	39	36	54	30	33	21	29	100	23	28	8	75	41	71	25	32	18	43	93	99	76	94	30	38	56	77	96	28	92	70	14	24	95	59	42	61	88	41	73	
41	24	91	35	22	20	6	10	85	92	95	56	31	15	97	38	96	9	15	52	74	83	60	14	31	48	60	13	42	32	62	95	22	9	80	61	66	76	93	62	2	24	24	3	13	24	35	70	77	43	
25	59	8	30	50	50	94	75	13	17	7	40	74	88	50	72	74	53	86	100	60	94	16	70	61	11	63	34	13	45	54	62	54	78	77	96	80	56	21	13	88	95	3	90	46	31	34	48	99	94	
1	69	89	6	42	3	86	27	2	70	15	66	56	71	49	31	63	27	27	14	87	26	78	35	70	58	21	53	100	40	89	34	79	23	64	99	79	27	51	92	64	59	13	46	60	70	56	38	48	60	
28	29	99	68	45	93	26	17	45	35	50	93	87	91	57	58	74	87	23	43	99	99	100	8	14	78	5	77	84	98	95	2	70	28	8	72	15	72	27	56	23	42	24	31	70	17	17	75	36	91	
23	49	60	34	90	72	31	1	24	22	88	47	84	20	18	68	25	21	76	57	88	65	57	28	38	34	62	39	96	58	12	39	55	72	59	25	25	100	43	44	82	61	35	34	56	17	49	93	87	25	
46	67	79	89	37	67	26	87	8	55	92	29	65	26	44	97	24	88	18	15	42	20	20	41	78	62	89	85	56	100	29	67	66	67	23	99	73	33	17	59	54	88	70	48	38	75	93	59	17	50	
42	29	58	3	38	66	12	18	49	78	71	97	23	91	25	47	90	73	33	90	90	1	65	87	26	11	46	60	27	78	44	85	62	53	74	10	14	77	78	81	68	41	77	99	48	36	87	17	12	40	
52	19	47	7	79	20	40	87	18	56	81	33	44	27	15	92	79	79	87	50	16	58	65	97	66	25	31	55	9	64	88	6	80	59	30	31	74	17	13	22	33	73	43	94	60	91	25	50	40	100	
