50
1366
26	23	45	48	93	56	76	46	68	66	79	37	90	37	65	86	88	99	19	52	62	78	24	71	60	37	6	85	99	45	51	63	98	80	96	21	8	48	54	97	93	89	50	51	37	47	80	59	35	51	
49	80	73	3	17	77	7	62	43	52	55	17	13	47	80	30	80	56	25	48	81	19	5	73	33	27	17	72	16	56	45	62	55	60	45	85	19	65	26	62	50	28	26	67	54	80	82	72	89	14	
80	8	8	67	26	57	30	6	46	78	29	20	50	12	52	79	49	78	24	51	86	70	84	48	25	50	83	73	8	41	62	59	58	89	54	62	30	16	2	73	20	96	67	27	85	43	22	47	8	84	
73	8	10	90	62	63	43	10	63	86	83	72	82	83	64	87	37	29	4	96	84	47	37	48	40	2	8	98	10	5	11	7	75	68	67	100	82	46	43	9	68	39	87	42	48	32	57	100	77	27	
3	67	90	69	84	99	50	73	38	87	33	95	64	64	12	92	19	47	33	36	40	84	100	84	41	95	43	15	16	76	34	17	75	55	87	61	66	67	92	52	59	38	100	31	26	91	51	57	25	40	
17	26	62	84	12	30	27	71	97	89	95	27	60	15	47	54	88	70	81	60	38	36	21	8	72	96	45	79	99	14	5	53	26	77	15	63	43	57	24	44	98	6	58	63	27	34	26	9	83	14	
77	57	63	99	30	49	97	69	11	6	54	63	20	97	83	73	15	42	68	33	56	76	35	42	17	40	57	10	67	91	37	67	53	47	29	30	56	98	95	82	90	71	71	99	83	96	83	17	100	73	
7	30	43	50	27	97	68	56	4	87	33	93	46	71	1	64	17	24	42	77	74	30	60	76	53	68	33	96	22	42	58	94	68	84	87	78	26	46	100	73	86	84	81	70	55	66	36	25	54	32	
62	6	10	73	71	69	56	89	94	95	23	91	15	23	98	79	57	65	73	80	99	26	100	8	92	26	90	32	57	4	96	72	87	39	77	76	22	98	63	31	83	32	34	91	46	32	60	50	71	27	
43	46	63	38	97	11	4	94	34	39	65	14	30	38	82	4	88	80	18	76	19	91	73	99	88	22	37	90	95	61	66	82	6	60	62	48	69	35	51	15	83	12	49	77	85	16	78	74	41	45	
52	78	86	87	89	6	87	95	39	40	57	23	55	11	35	46	30	33	85	98	58	10	59	57	89	29	17	62	30	85	59	94	62	98	10	91	55	17	17	59	82	39	66	33	52	92	21	85	52	46	
55	29	83	33	95	54	33	23	65	57	70	74	79	50	62	66	95	17	12	5	19	22	47	48	96	56	94	41	15	7	17	68	48	10	49	97	85	27	65	11	52	38	16	93	6	83	68	92	99	96	
17	20	72	95	27	63	93	91	14	23	74	10	73	56	54	6	89	90	21	44	47	97	5	63	54	22	82	46	64	60	56	56	85	41	20	22	74	51	15	14	34	58	70	93	6	15	22	10	35	31	
13	50	82	64	60	20	46	15	30	55	79	73	87	16	71	9	17	3	86	63	68	89	99	5	61	17	92	62	40	27	71	7	2	45	86	57	36	17	90	76	44	59	65	97	43	25	11	9	61	1	
47	12	83	64	15	97	71	23	38	11	50	56	16	12	79	86	79	90	24	100	50	75	81	1	95	80	2	78	8	25	22	83	63	80	22	89	23	59	69	84	71	38	43	50	30	31	98	48	74	15	
80	52	64	12	47	83	1	98	82	35	62	54	71	79	3	52	61	29	35	53	73	38	52	44	12	65	84	97	90	49	5	58	40	5	59	17	29	86	7	30	58	52	3	27	90	32	74	12	32	20	
30	79	87	92	54	73	64	79	4	46	66	6	9	86	52	80	10	57	15	12	72	46	67	29	9	4	41	35	96	39	51	20	84	45	80	55	27	12	97	21	4	96	84	8	31	12	53	33	3	42	
80	49	37	19	88	15	17	57	88	30	95	89	17	79	61	10	36	73	32	61	40	83	5	42	27	16	46	71	35	94	95	60	17	16	49	50	76	5	93	9	35	90	89	68	87	65	31	30	21	52	
56	78	29	47	70	42	24	65	80	33	17	90	3	90	29	57	73	67	36	49	37	77	69	15	23	32	6	61	51	97	50	62	2	94	26	76	82	35	59	10	9	16	97	37	7	57	32	39	87	23	
25	24	4	33	81	68	42	73	18	85	12	21	86	24	35	15	32	36	9	40	54	42	80	69	92	74	99	70	33	7	49	100	70	82	22	48	94	50	73	92	84	8	50	57	83	85	59	64	67	21	
48	51	96	36	60	33	77	80	76	98	5	44	63	100	53	12	61	49	40	62	33	45	99	22	40	37	72	46	44	51	1	72	90	45	96	64	1	96	1	61	44	79	65	4	28	19	56	1	50	83	
81	86	84	40	38	56	74	99	19	58	19	47	68	50	73	72	40	37	54	33	7	29	48	36	3	16	48	69	92	100	55	65	10	32	42	81	97	75	2	81	58	91	64	37	71	25	22	55	46	88	
19	70	47	84	36	76	30	26	91	10	22	97	89	75	38	46	83	77	42	45	29	89	44	100	92	26	46	18	16	46	95	71	15	97	83	60	65	25	27	16	83	33	96	66	44	2	89	14	55	12	
5	84	37	100	21	35	60	100	73	59	47	5	99	81	52	67	5	69	80	99	48	44	28	13	15	6	47	26	81	31	87	34	84	79	23	13	12	82	19	83	44	11	14	82	93	88	2	23	29	100	
73	48	48	84	8	42	76	8	99	57	48	63	5	1	44	29	42	15	69	22	36	100	13	28	49	3	92	65	8	88	96	2	56	43	86	93	27	63	34	56	20	16	11	63	59	56	16	93	82	62	
33	25	40	41	72	17	53	92	88	89	96	54	61	95	12	9	27	23	92	40	3	92	15	49	45	2	12	37	28	64	87	56	32	6	90	73	56	51	36	60	29	90	30	21	53	8	78	86	27	86	
27	50	2	95	96	40	68	26	22	29	56	22	17	80	65	4	16	32	74	37	16	26	6	3	2	7	11	57	22	15	4	72	48	70	8	17	87	9	28	17	23	69	64	44	3	68	86	45	31	99	
17	83	8	43	45	57	33	90	37	17	94	82	92	2	84	41	46	6	99	72	48	46	47	92	12	11	90	48	21	18	66	26	51	53	74	48	62	18	31	43	86	51	90	11	54	50	63	85	80	20	
72	73	98	15	79	10	96	32	90	62	41	46	62	78	97	35	71	61	70	46	69	18	26	65	37	57	48	3	25	61	45	41	34	28	20	88	54	29	20	20	11	49	38	5	30	91	22	52	74	73	
16	8	10	16	99	67	22	57	95	30	15	64	40	8	90	96	35	51	33	44	92	16	81	8	28	22	21	25	55	59	39	50	2	48	68	61	38	30	34	15	10	64	71	100	76	30	25	13	16	81	
56	41	5	76	14	91	42	4	61	85	7	60	27	25	49	39	94	97	7	51	100	46	31	88	64	15	18	61	59	91	65	66	34	48	63	90	43	46	83	89	14	94	59	85	32	45	47	14	13	46	
45	62	11	34	5	37	58	96	66	59	17	56	71	22	5	51	95	50	49	1	55	95	87	96	87	4	66	45	39	65	90	20	84	45	98	87	58	12	51	77	94	25	55	28	80	43	2	1	16	24	
62	59	7	17	53	67	94	72	82	94	68	56	7	83	58	20	60	62	100	72	65	71	34	2	56	72	26	41	50	66	20	89	36	57	69	6	39	12	4	75	84	25	85	77	36	70	15	22	78	89	
55	58	75	75	26	53	68	87	6	62	48	85	2	63	40	84	17	2	70	90	10	15	84	56	32	48	51	34	2	34	84	36	28	97	88	54	70	9	18	26	98	84	48	32	8	17	14	89	49	15	
60	89	68	55	77	47	84	39	60	98	10	41	45	80	5	45	16	94	82	45	32	97	79	43	6	70	53	28	48	48	45	57	97	13	41	100	8	4	38	58	72	76	63	23	68	88	90	81	34	77	
45	54	67	87	15	29	87	77	62	10	49	20	86	22	59	80	49	26	22	96	42	83	23	86	90	8	74	20	68	63	98	69	88	41	35	26	65	7	89	29	29	23	62	48	38	46	87	70	83	3	
85	62	100	61	63	30	78	76	48	91	97	22	57	89	17	55	50	76	48	64	81	60	13	93	73	17	48	88	61	90	87	6	54	100	26	52	22	69	31	35	16	16	81	98	40	21	22	87	49	53	
19	30	82	66	43	56	26	22	69	55	85	74	36	23	29	27	76	82	94	1	97	65	12	27	56	87	62	54	38	43	58	39	70	8	65	22	65	12	34	37	91	35	75	21	1	44	74	15	86	75	
65	16	46	67	57	98	46	98	35	17	27	51	17	59	86	12	5	35	50	96	75	25	82	63	51	9	18	29	30	46	12	12	9	4	7	69	12	92	82	1	72	57	15	4	10	65	78	4	41	65	
26	2	43	92	24	95	100	63	51	17	65	15	90	69	7	97	93	59	73	1	2	27	19	34	36	28	31	20	34	83	51	4	18	38	89	31	34	82	60	41	61	40	77	33	48	17	12	63	54	1	
62	73	9	52	44	82	73	31	15	59	11	14	76	84	30	21	9	10	92	61	81	16	83	56	60	17	43	20	15	89	77	75	26	58	29	35	37	1	41	8	97	87	15	8	33	95	18	99	89	6	
50	20	68	59	98	90	86	83	83	82	52	34	44	71	58	4	35	9	84	44	58	83	44	20	29	23	86	11	10	14	94	84	98	72	29	16	91	72	61	97	1	47	54	38	60	16	10	87	57	54	
28	96	39	38	6	71	84	32	12	39	38	58	59	38	52	96	90	16	8	79	91	33	11	16	90	69	51	49	64	94	25	25	84	76	23	16	35	57	40	87	47	64	93	66	7	58	26	71	66	43	
26	67	87	100	58	71	81	34	49	66	16	70	65	43	3	84	89	97	50	65	64	96	14	11	30	64	90	38	71	59	55	85	48	63	62	81	75	15	77	15	54	93	34	81	24	43	77	12	99	10	
67	27	42	31	63	99	70	91	77	33	93	93	97	50	27	8	68	37	57	4	37	66	82	63	21	44	11	5	100	85	28	77	32	23	48	98	21	4	33	8	38	66	81	23	64	35	100	55	67	50	
54	85	48	26	27	83	55	46	85	52	6	6	43	30	90	31	87	7	83	28	71	44	93	59	53	3	54	30	76	32	80	36	8	68	38	40	1	10	48	33	60	7	24	64	45	41	7	26	77	37	
80	43	32	91	34	96	66	32	16	92	83	15	25	31	32	12	65	57	85	19	25	2	88	56	8	68	50	91	30	45	43	70	17	88	46	21	44	65	17	95	16	58	43	35	41	37	16	73	44	47	
82	22	57	51	26	83	36	60	78	21	68	22	11	98	74	53	31	32	59	56	22	89	2	16	78	86	63	22	25	47	2	15	14	90	87	22	74	78	12	18	10	26	77	100	7	16	55	34	29	17	
72	47	100	57	9	17	25	50	74	85	92	10	9	48	12	33	30	39	64	1	55	14	23	93	86	45	85	52	13	14	1	22	89	81	70	87	15	4	63	99	87	71	12	55	26	73	34	55	99	63	
89	8	77	25	83	100	54	71	41	52	99	35	61	74	32	3	21	87	67	50	46	55	29	82	27	31	80	74	16	13	16	78	49	34	83	49	86	41	54	89	57	66	99	67	77	44	29	99	71	35	
14	84	27	40	14	73	32	27	45	46	96	31	1	15	20	42	52	23	21	83	88	12	100	62	86	99	20	73	81	46	24	89	15	77	3	53	75	65	1	6	54	43	10	50	37	47	17	63	35	91	
