50
1453
26	18	32	16	78	47	91	6	68	98	39	90	51	80	93	17	77	21	29	58	37	19	37	74	13	11	3	90	34	14	19	95	17	50	76	42	14	26	90	37	39	90	98	45	72	86	95	33	36	88	
13	88	19	74	43	67	95	3	78	6	75	27	10	53	32	62	76	66	40	12	8	24	42	56	56	26	20	78	26	81	97	95	49	66	60	8	43	88	19	14	60	26	5	97	2	53	96	91	39	98	
88	77	66	15	97	91	32	46	70	32	6	59	36	25	9	81	35	1	16	78	29	33	73	9	58	13	56	15	58	7	99	34	65	90	28	82	2	66	24	34	86	60	11	69	90	16	3	56	60	9	
19	66	21	63	66	20	36	64	20	14	1	7	59	17	43	99	46	15	45	93	47	100	24	71	72	4	7	54	22	48	5	28	87	1	44	15	64	90	37	100	90	9	32	36	39	77	61	85	49	97	
74	15	63	37	91	47	16	63	18	13	100	88	61	8	49	66	92	27	44	21	100	70	62	56	24	59	73	98	24	5	59	100	38	13	3	79	69	57	6	80	35	11	55	6	83	3	83	95	23	7	
43	97	66	91	7	14	83	54	90	32	94	25	50	41	100	57	55	90	5	16	9	96	80	57	14	80	25	5	31	83	37	22	9	100	17	2	21	42	95	84	53	96	80	15	82	18	61	28	19	19	
67	91	20	47	14	24	37	8	93	6	24	5	49	5	15	9	88	96	71	48	45	64	1	43	97	41	91	43	8	55	27	12	96	19	81	24	7	95	41	87	44	78	78	72	67	29	24	100	13	21	
95	32	36	16	83	37	68	76	11	62	3	12	16	66	80	36	39	18	83	46	71	8	11	42	48	18	64	89	16	67	75	13	16	76	99	43	7	50	56	29	65	51	6	75	54	16	86	44	77	72	
3	46	64	63	54	8	76	62	71	88	61	43	71	29	83	10	74	19	40	66	48	89	35	62	33	20	70	11	84	81	44	18	56	86	39	28	61	91	36	99	48	39	67	67	29	92	53	10	28	89	
78	70	20	18	90	93	11	71	74	72	13	36	67	15	54	93	75	9	41	65	17	49	38	12	6	71	63	58	96	19	21	31	54	83	59	100	69	54	52	70	26	93	57	23	23	11	58	96	71	68	
6	32	14	13	32	6	62	88	72	65	32	65	48	3	85	85	95	100	85	32	98	48	93	29	69	34	62	62	98	8	98	33	13	28	10	71	76	59	8	32	7	43	30	36	31	8	24	53	84	66	
75	6	1	100	94	24	3	61	13	32	60	81	57	97	76	62	97	59	47	100	60	92	88	25	26	92	11	45	85	32	39	51	11	35	24	60	50	10	97	45	57	17	2	52	6	83	9	50	95	75	
27	59	7	88	25	5	12	43	36	65	81	61	61	5	97	21	1	48	40	85	75	20	69	72	30	43	27	19	55	1	84	74	52	17	93	14	67	80	31	42	18	20	67	82	37	35	44	98	82	68	
10	36	59	61	50	49	16	71	67	48	57	61	12	54	12	87	72	93	78	39	8	82	64	86	82	74	79	4	48	74	90	15	68	47	87	30	39	2	11	24	64	91	96	93	10	60	37	69	52	11	
53	25	17	8	41	5	66	29	15	3	97	5	54	48	70	87	41	2	48	80	13	47	8	40	21	67	65	89	86	92	50	31	55	97	74	51	59	8	14	28	58	70	89	94	17	61	13	95	42	21	
32	9	43	49	100	15	80	83	54	85	76	97	12	70	57	63	87	84	19	14	85	68	93	99	30	44	55	32	70	26	12	68	100	66	13	58	79	8	92	11	84	81	61	37	91	24	28	66	31	15	
62	81	99	66	57	9	36	10	93	85	62	21	87	87	63	100	36	59	66	98	44	75	39	34	39	49	59	7	2	14	93	60	68	23	54	73	21	82	22	3	64	6	50	26	100	16	12	86	72	71	
76	35	46	92	55	88	39	74	75	95	97	1	72	41	87	36	82	47	41	24	10	28	96	82	25	74	7	32	38	10	10	88	17	1	98	16	41	65	86	58	50	20	56	2	16	49	8	33	85	46	
66	1	15	27	90	96	18	19	9	100	59	48	93	2	84	59	47	4	99	77	50	66	21	32	45	88	24	43	62	36	68	53	68	56	49	18	49	47	20	92	6	80	94	95	11	20	3	51	56	35	
40	16	45	44	5	71	83	40	41	85	47	40	78	48	19	66	41	99	21	92	5	43	94	93	32	73	62	72	33	62	9	29	49	80	60	49	72	3	34	26	74	80	28	83	3	91	74	49	60	64	
12	78	93	21	16	48	46	66	65	32	100	85	39	80	14	98	24	77	92	96	1	19	79	6	93	75	72	60	27	72	79	33	59	1	3	59	44	42	13	38	72	85	79	29	46	45	38	45	41	52	
8	29	47	100	9	45	71	48	17	98	60	75	8	13	85	44	10	50	5	1	49	64	91	96	7	51	42	87	97	35	69	33	57	89	20	64	25	99	92	28	26	60	37	80	89	86	41	43	67	49	
24	33	100	70	96	64	8	89	49	48	92	20	82	47	68	75	28	66	43	19	64	96	88	100	56	40	84	48	33	88	47	13	40	43	74	98	54	64	40	55	91	80	75	47	87	59	31	18	68	95	
42	73	24	62	80	1	11	35	38	93	88	69	64	8	93	39	96	21	94	79	91	88	7	8	8	86	27	43	68	64	74	28	38	61	94	46	6	15	22	15	69	89	9	52	77	98	16	72	3	70	
56	9	71	56	57	43	42	62	12	29	25	72	86	40	99	34	82	32	93	6	96	100	8	54	64	42	20	75	20	86	78	56	16	71	63	16	13	99	53	99	66	79	74	12	11	20	65	28	28	68	
56	58	72	24	14	97	48	33	6	69	26	30	82	21	30	39	25	45	32	93	7	56	8	64	93	71	47	55	38	14	72	66	7	85	51	68	50	40	50	97	21	3	26	10	39	96	25	1	12	48	
26	13	4	59	80	41	18	20	71	34	92	43	74	67	44	49	74	88	73	75	51	40	86	42	71	35	22	40	81	50	74	21	74	2	99	83	59	22	75	11	3	57	56	79	20	28	24	52	63	94	
20	56	7	73	25	91	64	70	63	62	11	27	79	65	55	59	7	24	62	72	42	84	27	20	47	22	31	49	67	43	56	16	80	33	5	32	39	12	56	2	44	74	100	99	82	89	12	90	66	29	
78	15	54	98	5	43	89	11	58	62	45	19	4	89	32	7	32	43	72	60	87	48	43	75	55	40	49	45	29	71	60	77	52	62	76	99	35	28	71	70	32	57	19	24	8	55	17	68	32	77	
26	58	22	24	31	8	16	84	96	98	85	55	48	86	70	2	38	62	33	27	97	33	68	20	38	81	67	29	1	21	35	11	69	37	34	41	96	88	38	79	30	51	25	27	89	85	45	89	44	90	
81	7	48	5	83	55	67	81	19	8	32	1	74	92	26	14	10	36	62	72	35	88	64	86	14	50	43	71	21	15	18	46	12	72	52	98	83	85	41	20	71	49	30	40	35	79	31	57	95	75	
97	99	5	59	37	27	75	44	21	98	39	84	90	50	12	93	10	68	9	79	69	47	74	78	72	74	56	60	35	18	51	46	76	2	13	30	6	96	68	52	85	78	12	10	6	32	71	58	29	47	
95	34	28	100	22	12	13	18	31	33	51	74	15	31	68	60	88	53	29	33	33	13	28	56	66	21	16	77	11	46	46	68	18	9	15	36	74	94	74	24	31	4	67	4	35	12	11	90	59	10	
49	65	87	38	9	96	16	56	54	13	11	52	68	55	100	68	17	68	49	59	57	40	38	16	7	74	80	52	69	12	76	18	77	1	73	55	15	85	57	19	36	61	23	45	31	87	91	21	40	97	
66	90	1	13	100	19	76	86	83	28	35	17	47	97	66	23	1	56	80	1	89	43	61	71	85	2	33	62	37	72	2	9	1	68	96	42	85	51	18	94	25	91	63	26	76	69	84	5	11	73	
60	28	44	3	17	81	99	39	59	10	24	93	87	74	13	54	98	49	60	3	20	74	94	63	51	99	5	76	34	52	13	15	73	96	25	82	27	84	58	66	35	64	63	18	26	25	41	41	85	21	
8	82	15	79	2	24	43	28	100	71	60	14	30	51	58	73	16	18	49	59	64	98	46	16	68	83	32	99	41	98	30	36	55	42	82	93	31	40	1	41	91	85	86	85	12	5	88	18	84	46	
43	2	64	69	21	7	7	61	69	76	50	67	39	59	79	21	41	49	72	44	25	54	6	13	50	59	39	35	96	83	6	74	15	85	27	31	18	64	68	51	8	37	7	84	6	62	9	46	35	73	
88	66	90	57	42	95	50	91	54	59	10	80	2	8	8	82	65	47	3	42	99	64	15	99	40	22	12	28	88	85	96	94	85	51	84	40	64	68	43	41	92	77	94	49	26	71	42	87	49	77	
19	24	37	6	95	41	56	36	52	8	97	31	11	14	92	22	86	20	34	13	92	40	22	53	50	75	56	71	38	41	68	74	57	18	58	1	68	43	77	38	66	17	99	41	76	1	3	83	15	11	
14	34	100	80	84	87	29	99	70	32	45	42	24	28	11	3	58	92	26	38	28	55	15	99	97	11	2	70	79	20	52	24	19	94	66	41	51	41	38	6	35	7	15	67	27	94	46	70	72	85	
60	86	90	35	53	44	65	48	26	7	57	18	64	58	84	64	50	6	74	72	26	91	69	66	21	3	44	32	30	71	85	31	36	25	35	91	8	92	66	35	83	51	14	89	54	22	6	94	98	74	
26	60	9	11	96	78	51	39	93	43	17	20	91	70	81	6	20	80	80	85	60	80	89	79	3	57	74	57	51	49	78	4	61	91	64	85	37	77	17	7	51	12	18	78	78	92	75	94	24	78	
5	11	32	55	80	78	6	67	57	30	2	67	96	89	61	50	56	94	28	79	37	75	9	74	26	56	100	19	25	30	12	67	23	63	63	86	7	94	99	15	14	18	85	45	44	16	76	81	82	18	
97	69	36	6	15	72	75	67	23	36	52	82	93	94	37	26	2	95	83	29	80	47	52	12	10	79	99	24	27	40	10	4	45	26	18	85	84	49	41	67	89	78	45	96	76	92	42	14	71	3	
2	90	39	83	82	67	54	29	23	31	6	37	10	17	91	100	16	11	3	46	89	87	77	11	39	20	82	8	89	35	6	35	31	76	26	12	6	26	76	27	54	78	44	76	83	20	93	96	22	20	
53	16	77	3	18	29	16	92	11	8	83	35	60	61	24	16	49	20	91	45	86	59	98	20	96	28	89	55	85	79	32	12	87	69	25	5	62	71	1	94	22	92	16	92	20	48	94	73	44	92	
96	3	61	83	61	24	86	53	58	24	9	44	37	13	28	12	8	3	74	38	41	31	16	65	25	24	12	17	45	31	71	11	91	84	41	88	9	42	3	46	6	75	76	42	93	94	16	44	81	48	
91	56	85	95	28	100	44	10	96	53	50	98	69	95	66	86	33	51	49	45	43	18	72	28	1	52	90	68	89	57	58	90	21	5	41	18	46	87	83	70	94	94	81	14	96	73	44	14	58	43	
39	60	49	23	19	13	77	28	71	84	95	82	52	42	31	72	85	56	60	41	67	68	3	28	12	63	66	32	44	95	29	59	40	11	85	84	35	49	15	72	98	24	82	71	22	44	81	58	86	1	
98	9	97	7	19	21	72	89	68	66	75	68	11	21	15	71	46	35	64	52	49	95	70	68	48	94	29	77	90	75	47	10	97	73	21	46	73	77	11	85	74	78	18	3	20	92	48	43	1	54	
