50
1122
43	79	60	3	30	67	18	89	31	82	94	58	9	67	86	32	31	60	32	66	26	77	73	47	77	44	45	76	63	29	26	9	76	24	45	13	84	5	68	27	100	1	52	2	4	32	16	13	23	74	
74	20	78	12	7	58	14	89	71	1	17	7	54	76	38	96	35	65	32	53	67	61	99	86	68	43	65	47	10	46	74	63	20	17	30	96	63	40	30	96	72	92	69	23	51	67	100	68	43	23	
20	5	70	4	71	61	16	67	54	58	75	91	2	22	39	78	41	56	3	47	65	62	37	20	45	30	21	98	60	79	95	10	76	54	53	15	96	38	18	30	100	51	38	76	84	1	51	47	50	38	
78	70	2	66	48	10	69	58	17	10	32	76	96	36	87	3	38	70	60	68	90	49	40	64	49	13	50	84	25	36	39	85	56	54	33	53	68	33	34	84	10	84	65	38	58	79	19	13	68	55	
12	4	66	29	19	17	30	59	21	92	9	24	14	66	79	21	16	95	53	82	83	68	100	3	52	99	70	48	77	33	59	22	91	78	41	45	86	46	73	67	27	16	83	38	82	89	13	42	34	61	
7	71	48	19	67	36	20	35	63	55	55	59	18	22	69	46	52	50	55	50	91	28	96	1	36	98	95	37	34	100	8	47	23	2	29	44	7	43	52	63	53	26	32	18	77	3	31	69	17	29	
58	61	10	17	36	83	26	86	69	52	92	27	9	58	5	4	25	98	7	56	24	62	25	96	93	60	53	59	99	69	96	41	11	11	78	62	70	32	39	49	59	4	27	60	61	88	82	30	24	66	
14	16	69	30	20	26	45	96	89	13	54	9	100	89	23	23	17	86	59	66	55	74	81	20	61	39	18	94	17	35	16	28	60	81	26	96	57	7	47	40	64	25	28	45	81	68	74	85	83	71	
89	67	58	59	35	86	96	7	50	11	78	16	59	88	3	84	83	34	70	100	4	92	88	78	44	31	26	6	65	53	58	21	47	31	49	42	40	82	99	4	39	77	16	78	53	70	70	4	41	86	
71	54	17	21	63	69	89	50	5	9	99	75	20	75	42	69	35	53	54	94	27	24	28	24	75	41	59	27	44	77	17	11	22	47	12	9	78	71	13	71	59	59	65	5	38	12	70	88	22	33	
1	58	10	92	55	52	13	11	9	54	40	68	44	8	42	85	67	56	22	73	47	59	52	49	76	49	2	96	48	1	7	97	27	76	38	75	42	42	39	17	96	22	60	94	5	85	92	47	44	4	
17	75	32	9	55	92	54	78	99	40	94	67	51	90	51	83	44	39	44	36	89	69	12	67	59	14	43	25	67	100	50	69	2	5	22	54	29	50	15	4	82	48	51	61	53	45	18	36	39	55	
7	91	76	24	59	27	9	16	75	68	67	42	22	64	52	98	86	96	18	97	76	38	56	79	88	22	51	71	1	91	12	44	16	28	41	21	66	3	10	89	44	35	21	55	3	33	67	55	69	23	
54	2	96	14	18	9	100	59	20	44	51	22	15	99	43	43	55	87	71	20	28	19	98	53	78	41	81	6	39	93	62	12	100	29	77	53	3	68	39	44	100	51	23	28	4	28	24	87	67	15	
76	22	36	66	22	58	89	88	75	8	90	64	99	45	54	94	57	22	18	83	61	81	58	90	66	88	76	74	50	22	23	94	99	58	56	52	92	88	36	33	7	12	67	21	76	50	69	75	72	82	
38	39	87	79	69	5	23	3	42	42	51	52	43	54	49	33	8	3	93	40	95	86	59	96	76	95	61	76	20	77	98	98	58	23	39	82	37	10	86	40	24	78	4	12	72	91	40	4	78	29	
96	78	3	21	46	4	23	84	69	85	83	98	43	94	33	100	83	33	61	56	71	37	73	25	80	91	34	30	16	82	90	29	26	28	80	89	7	30	96	74	67	4	50	79	88	96	52	40	71	23	
35	41	38	16	52	25	17	83	35	67	44	86	55	57	8	83	41	31	19	91	29	87	84	94	61	51	15	58	50	39	2	70	61	54	89	20	19	43	98	51	54	8	60	17	47	98	19	92	15	47	
65	56	70	95	50	98	86	34	53	56	39	96	87	22	3	33	31	29	71	82	69	16	40	25	16	71	21	83	83	33	99	98	41	63	40	13	70	24	40	10	43	99	68	2	39	5	85	66	9	100	
32	3	60	53	55	7	59	70	54	22	44	18	71	18	93	61	19	71	6	98	73	41	30	100	11	27	39	76	34	21	57	49	6	70	40	26	25	23	2	11	53	9	58	26	39	49	18	67	15	4	
53	47	68	82	50	56	66	100	94	73	36	97	20	83	40	56	91	82	98	37	2	77	88	97	91	70	73	20	11	8	11	43	53	26	66	90	39	84	58	91	22	50	93	48	75	99	66	95	53	92	
67	65	90	83	91	24	55	4	27	47	89	76	28	61	95	71	29	69	73	2	59	82	41	10	18	2	10	79	54	85	47	61	66	15	13	34	71	48	96	51	52	34	69	23	43	76	75	37	35	19	
61	62	49	68	28	62	74	92	24	59	69	38	19	81	86	37	87	16	41	77	82	87	28	40	15	14	34	32	57	77	21	72	93	4	91	41	70	69	27	66	15	78	80	91	91	88	52	12	33	53	
99	37	40	100	96	25	81	88	28	52	12	56	98	58	59	73	84	40	30	88	41	28	18	30	41	91	96	63	1	88	44	96	15	90	56	51	47	79	71	29	18	78	59	39	44	51	3	17	100	15	
86	20	64	3	1	96	20	78	24	49	67	79	53	90	96	25	94	25	100	97	10	40	30	57	88	28	83	45	41	9	31	89	54	27	20	48	50	49	90	82	11	26	11	49	33	21	90	91	49	80	
68	45	49	52	36	93	61	44	75	76	59	88	78	66	76	80	61	16	11	91	18	15	41	88	24	38	26	97	4	39	59	48	48	55	23	98	47	19	80	69	63	97	52	56	13	18	1	7	82	2	
43	30	13	99	98	60	39	31	41	49	14	22	41	88	95	91	51	71	27	70	2	14	91	28	38	56	98	69	19	10	96	63	26	69	27	37	95	29	48	56	56	37	20	11	29	7	76	65	40	1	
65	21	50	70	95	53	18	26	59	2	43	51	81	76	61	34	15	21	39	73	10	34	96	83	26	98	81	83	23	63	64	70	8	63	29	67	32	89	76	70	58	47	9	72	34	57	6	90	93	71	
47	98	84	48	37	59	94	6	27	96	25	71	6	74	76	30	58	83	76	20	79	32	63	45	97	69	83	89	3	84	20	75	37	84	79	99	75	47	7	49	86	56	87	63	27	58	17	16	37	63	
10	60	25	77	34	99	17	65	44	48	67	1	39	50	20	16	50	83	34	11	54	57	1	41	4	19	23	3	82	10	92	36	67	28	58	30	82	5	20	96	1	28	14	20	98	13	34	6	76	81	
46	79	36	33	100	69	35	53	77	1	100	91	93	22	77	82	39	33	21	8	85	77	88	9	39	10	63	84	10	90	63	67	4	57	42	65	16	40	11	57	88	91	15	5	40	86	91	26	40	56	
74	95	39	59	8	96	16	58	17	7	50	12	62	23	98	90	2	99	57	11	47	21	44	31	59	96	64	20	92	63	67	44	75	48	89	34	19	20	26	37	23	15	9	66	16	45	69	86	7	13	
63	10	85	22	47	41	28	21	11	97	69	44	12	94	98	29	70	98	49	43	61	72	96	89	48	63	70	75	36	67	44	50	13	67	23	62	48	93	86	49	9	23	47	84	84	64	8	81	33	3	
20	76	56	91	23	11	60	47	22	27	2	16	100	99	58	26	61	41	6	53	66	93	15	54	48	26	8	37	67	4	75	13	45	69	21	40	31	7	47	52	33	62	67	91	55	53	62	38	96	66	
17	54	54	78	2	11	81	31	47	76	5	28	29	58	23	28	54	63	70	26	15	4	90	27	55	69	63	84	28	57	48	67	69	68	56	89	46	53	82	95	100	68	19	64	63	36	37	21	33	2	
30	53	33	41	29	78	26	49	12	38	22	41	77	56	39	80	89	40	40	66	13	91	56	20	23	27	29	79	58	42	89	23	21	56	72	33	54	68	9	36	2	14	38	63	72	94	40	80	83	66	
96	15	53	45	44	62	96	42	9	75	54	21	53	52	82	89	20	13	26	90	34	41	51	48	98	37	67	99	30	65	34	62	40	89	33	27	56	20	11	63	39	78	1	34	42	93	25	1	7	100	
63	96	68	86	7	70	57	40	78	42	29	66	3	92	37	7	19	70	25	39	71	70	47	50	47	95	32	75	82	16	19	48	31	46	54	56	36	40	76	64	29	93	80	45	84	16	5	53	99	34	
40	38	33	46	43	32	7	82	71	42	50	3	68	88	10	30	43	24	23	84	48	69	79	49	19	29	89	47	5	40	20	93	7	53	68	20	40	2	27	15	27	13	34	13	22	46	26	89	43	86	
30	18	34	73	52	39	47	99	13	39	15	10	39	36	86	96	98	40	2	58	96	27	71	90	80	48	76	7	20	11	26	86	47	82	9	11	76	27	59	17	47	9	11	67	27	87	68	52	53	82	
96	30	84	67	63	49	40	4	71	17	4	89	44	33	40	74	51	10	11	91	51	66	29	82	69	56	70	49	96	57	37	49	52	95	36	63	64	15	17	34	89	70	30	77	18	82	4	79	29	88	
72	100	10	27	53	59	64	39	59	96	82	44	100	7	24	67	54	43	53	22	52	15	18	11	63	56	58	86	1	88	23	9	33	100	2	39	29	27	47	89	10	81	64	78	88	24	37	61	50	64	
92	51	84	16	26	4	25	77	59	22	48	35	51	12	78	4	8	99	9	50	34	78	78	26	97	37	47	56	28	91	15	23	62	68	14	78	93	13	9	70	81	39	95	96	78	63	31	35	65	14	
69	38	65	83	32	27	28	16	65	60	51	21	23	67	4	50	60	68	58	93	69	80	59	11	52	20	9	87	14	15	9	47	67	19	38	1	80	34	11	30	64	95	89	86	36	56	4	55	66	13	
23	76	38	38	18	60	45	78	5	94	61	55	28	21	12	79	17	2	26	48	23	91	39	49	56	11	72	63	20	5	66	84	91	64	63	34	45	13	67	77	78	96	86	13	7	58	53	51	68	44	
51	84	58	82	77	61	81	53	38	5	53	3	4	76	72	88	47	39	39	75	43	91	44	33	13	29	34	27	98	40	16	84	55	63	72	42	84	22	27	18	88	78	36	7	74	36	32	96	3	17	
67	1	79	89	3	88	68	70	12	85	45	33	28	50	91	96	98	5	49	99	76	88	51	21	18	7	57	58	13	86	45	64	53	36	94	93	16	46	87	82	24	63	56	58	36	99	16	47	32	89	
100	51	19	13	31	82	74	70	70	92	18	67	24	69	40	52	19	85	18	66	75	52	3	90	1	76	6	17	34	91	69	8	62	37	40	25	5	26	68	4	37	31	4	53	32	16	2	9	47	88	
68	47	13	42	69	30	85	4	88	47	36	55	87	75	4	40	92	66	67	95	37	12	17	91	7	65	90	16	6	26	86	81	38	21	80	1	53	89	52	79	61	35	55	51	96	47	9	73	88	21	
43	50	68	34	17	24	83	41	22	44	39	69	67	72	78	71	15	9	15	53	35	33	100	49	82	40	93	37	76	40	7	33	96	33	83	7	99	43	53	29	50	65	66	68	3	32	47	88	33	95	
23	38	55	61	29	66	71	86	33	4	55	23	15	82	29	23	47	100	4	92	19	53	15	80	2	1	71	63	81	56	13	3	66	2	66	100	34	86	82	88	64	14	13	44	17	89	88	21	95	30	
