50
1234
31	93	93	28	73	75	92	31	19	89	43	82	86	38	92	1	87	16	38	7	50	71	56	70	97	36	76	97	96	87	67	28	90	46	25	8	79	15	68	38	85	34	23	8	29	38	86	98	7	14	
95	85	95	10	49	74	49	29	64	34	48	97	2	99	65	9	43	35	76	1	85	17	2	69	26	82	20	10	23	99	97	54	88	35	53	65	83	51	79	90	14	23	28	13	19	12	8	92	37	23	
85	55	32	98	86	85	27	73	97	89	23	85	7	2	82	64	36	87	62	71	86	53	76	42	40	25	36	33	99	55	44	52	89	75	79	72	94	30	63	24	41	86	43	78	2	78	71	5	86	59	
95	32	97	84	19	31	15	84	40	95	78	40	22	20	10	96	89	61	70	75	66	58	85	55	73	79	35	93	92	44	18	1	54	92	21	20	34	47	40	39	43	16	39	95	2	10	28	42	47	61	
10	98	84	70	63	90	16	80	35	37	2	13	54	92	89	40	82	88	11	61	47	98	56	99	55	22	96	98	91	12	18	75	10	62	51	71	48	5	86	72	89	92	47	88	95	44	89	81	86	63	
49	86	19	63	59	33	91	88	72	70	32	16	50	29	94	59	99	37	18	1	94	26	89	9	70	2	10	63	48	69	75	57	35	59	64	68	87	88	65	50	85	48	51	28	4	71	14	98	99	42	
74	85	31	90	33	26	32	96	67	57	72	31	69	30	9	34	96	72	67	67	10	50	85	73	10	60	49	10	73	22	38	68	40	35	89	86	40	39	76	91	76	22	29	73	1	13	99	18	5	5	
49	27	15	16	91	32	85	84	75	27	4	17	68	9	30	79	62	26	40	99	39	92	34	99	21	38	39	72	92	100	11	98	11	24	86	79	42	67	7	78	60	46	98	42	94	28	89	12	99	32	
29	73	84	80	88	96	84	4	29	25	75	18	80	88	17	19	50	11	21	45	37	86	89	85	84	60	7	7	24	54	100	43	83	29	79	98	4	41	45	33	28	72	98	29	100	80	30	82	34	37	
64	97	40	35	72	67	75	29	63	41	13	92	35	83	98	51	39	4	52	49	86	18	97	89	88	60	31	51	88	15	96	48	50	48	99	3	86	14	45	17	44	91	34	14	33	9	89	43	42	51	
34	89	95	37	70	57	27	25	41	23	76	4	66	58	54	92	65	3	71	43	48	30	3	28	96	64	88	19	6	54	89	95	30	56	71	96	48	35	81	76	77	73	70	43	70	61	70	6	11	75	
48	23	78	2	32	72	4	75	13	76	4	59	99	23	36	56	100	85	95	74	96	24	6	7	33	54	8	18	14	78	84	44	49	10	75	62	91	53	42	12	25	66	60	82	47	96	33	3	64	91	
97	85	40	13	16	31	17	18	92	4	59	43	77	35	97	91	42	90	46	95	10	45	50	20	32	32	39	14	30	51	7	20	92	49	74	38	67	30	29	33	12	33	41	22	84	39	22	33	46	67	
2	7	22	54	50	69	68	80	35	66	99	77	25	94	16	89	76	43	100	49	35	99	60	18	47	27	3	88	77	56	6	56	5	71	85	71	5	51	24	32	73	49	57	34	19	28	34	25	4	73	
99	2	20	92	29	30	9	88	83	58	23	35	94	21	27	34	26	29	36	83	18	99	49	45	18	2	9	36	9	10	96	24	82	14	9	27	16	59	1	92	66	12	49	35	37	48	97	54	81	70	
65	82	10	89	94	9	30	17	98	54	36	97	16	27	66	98	65	25	1	41	14	87	47	46	91	64	9	3	40	31	48	72	1	18	68	33	98	55	46	42	80	81	37	8	11	76	69	95	23	67	
9	64	96	40	59	34	79	19	51	92	56	91	89	34	98	65	94	74	40	92	85	13	75	90	11	74	85	3	33	76	10	51	45	98	78	72	89	41	32	11	75	92	47	49	23	91	84	12	99	65	
43	36	89	82	99	96	62	50	39	65	100	42	76	26	65	94	95	19	17	77	89	28	56	85	7	43	24	51	65	100	1	20	16	11	29	28	100	76	56	80	98	40	19	11	80	69	4	12	2	60	
35	87	61	88	37	72	26	11	4	3	85	90	43	29	25	74	19	11	12	5	40	93	93	4	83	26	100	69	40	14	18	59	24	72	35	53	13	6	54	48	19	15	86	77	3	67	57	49	50	50	
76	62	70	11	18	67	40	21	52	71	95	46	100	36	1	40	17	12	50	69	32	87	30	22	28	37	18	20	92	53	17	40	86	64	78	38	22	38	23	58	33	71	78	89	2	9	5	21	99	54	
1	71	75	61	1	67	99	45	49	43	74	95	49	83	41	92	77	5	69	39	57	75	75	99	70	24	38	83	84	76	38	32	49	38	64	51	49	43	48	59	15	19	16	26	3	56	60	77	43	45	
85	86	66	47	94	10	39	37	86	48	96	10	35	18	14	85	89	40	32	57	21	54	53	5	50	31	57	95	33	12	14	97	28	71	99	25	87	47	81	79	96	49	47	35	60	94	82	17	66	19	
17	53	58	98	26	50	92	86	18	30	24	45	99	99	87	13	28	93	87	75	54	72	15	89	1	46	13	53	27	40	52	57	22	33	32	84	97	87	17	30	31	84	8	32	89	21	60	97	49	99	
2	76	85	56	89	85	34	89	97	3	6	50	60	49	47	75	56	93	30	75	53	15	86	12	46	28	84	82	5	37	44	37	78	48	41	78	45	67	30	46	28	78	51	57	59	23	59	90	54	100	
69	42	55	99	9	73	99	85	89	28	7	20	18	45	46	90	85	4	22	99	5	89	12	30	56	15	5	37	36	16	3	28	87	70	86	35	84	54	78	40	62	93	82	45	75	27	39	30	46	92	
26	40	73	55	70	10	21	84	88	96	33	32	47	18	91	11	7	83	28	70	50	1	46	56	91	62	47	67	10	75	65	53	93	74	69	57	44	76	2	79	50	44	22	80	89	73	38	35	62	85	
82	25	79	22	2	60	38	60	60	64	54	32	27	2	64	74	43	26	37	24	31	46	28	15	62	34	56	69	16	42	86	45	93	30	59	60	83	13	28	61	41	93	90	4	92	73	2	59	86	66	
20	36	35	96	10	49	39	7	31	88	8	39	3	9	9	85	24	100	18	38	57	13	84	5	47	56	3	95	51	7	32	44	25	73	5	44	86	8	96	23	95	56	58	5	99	2	53	54	24	43	
10	33	93	98	63	10	72	7	51	19	18	14	88	36	3	3	51	69	20	83	95	53	82	37	67	69	95	40	85	7	74	55	89	90	43	97	60	7	94	62	95	32	21	98	81	7	8	16	21	38	
23	99	92	91	48	73	92	24	88	6	14	30	77	9	40	33	65	40	92	84	33	27	5	36	10	16	51	85	24	31	28	17	86	9	47	19	27	59	96	15	25	76	30	6	82	46	67	93	100	71	
99	55	44	12	69	22	100	54	15	54	78	51	56	10	31	76	100	14	53	76	12	40	37	16	75	42	7	7	31	49	32	78	16	21	61	71	65	80	57	4	63	71	54	12	90	61	36	47	70	57	
97	44	18	18	75	38	11	100	96	89	84	7	6	96	48	10	1	18	17	38	14	52	44	3	65	86	32	74	28	32	18	25	39	45	65	45	100	68	49	88	57	39	73	6	43	61	56	36	100	100	
54	52	1	75	57	68	98	43	48	95	44	20	56	24	72	51	20	59	40	32	97	57	37	28	53	45	44	55	17	78	25	8	94	79	86	22	98	34	43	6	35	35	91	85	94	83	67	63	26	22	
88	89	54	10	35	40	11	83	50	30	49	92	5	82	1	45	16	24	86	49	28	22	78	87	93	93	25	89	86	16	39	94	100	69	39	84	81	1	27	24	50	83	71	48	21	29	46	56	54	31	
35	75	92	62	59	35	24	29	48	56	10	49	71	14	18	98	11	72	64	38	71	33	48	70	74	30	73	90	9	21	45	79	69	86	49	57	65	52	58	91	50	48	82	50	71	68	19	40	2	78	
53	79	21	51	64	89	86	79	99	71	75	74	85	9	68	78	29	35	78	64	99	32	41	86	69	59	5	43	47	61	65	86	39	49	22	63	48	38	5	38	63	54	52	32	44	17	30	88	28	36	
65	72	20	71	68	86	79	98	3	96	62	38	71	27	33	72	28	53	38	51	25	84	78	35	57	60	44	97	19	71	45	22	84	57	63	9	69	5	56	76	10	98	55	20	31	14	70	66	95	72	
83	94	34	48	87	40	42	4	86	48	91	67	5	16	98	89	100	13	22	49	87	97	45	84	44	83	86	60	27	65	100	98	81	65	48	69	86	84	18	31	59	82	83	19	17	84	42	35	63	77	
51	30	47	5	88	39	67	41	14	35	53	30	51	59	55	41	76	6	38	43	47	87	67	54	76	13	8	7	59	80	68	34	1	52	38	5	84	2	62	55	1	41	31	61	41	13	66	73	68	18	
79	63	40	86	65	76	7	45	45	81	42	29	24	1	46	32	56	54	23	48	81	17	30	78	2	28	96	94	96	57	49	43	27	58	5	56	18	62	33	67	58	34	23	34	28	24	6	11	83	54	
90	24	39	72	50	91	78	33	17	76	12	33	32	92	42	11	80	48	58	59	79	30	46	40	79	61	23	62	15	4	88	6	24	91	38	76	31	55	67	4	46	59	47	72	67	85	37	80	32	93	
14	41	43	89	85	76	60	28	44	77	25	12	73	66	80	75	98	19	33	15	96	31	28	62	50	41	95	95	25	63	57	35	50	50	63	10	59	1	58	46	51	49	86	46	22	90	2	15	38	38	
23	86	16	92	48	22	46	72	91	73	66	33	49	12	81	92	40	15	71	19	49	84	78	93	44	93	56	32	76	71	39	35	83	48	54	98	82	41	34	59	49	44	97	29	51	86	65	68	39	75	
28	43	39	47	51	29	98	98	34	70	60	41	57	49	37	47	19	86	78	16	47	8	51	82	22	90	58	21	30	54	73	91	71	82	52	55	83	31	23	47	86	97	46	44	42	94	80	17	7	15	
13	78	95	88	28	73	42	29	14	43	82	22	34	35	8	49	11	77	89	26	35	32	57	45	80	4	5	98	6	12	6	85	48	50	32	20	19	61	34	72	46	29	44	90	22	58	28	81	76	62	
19	2	2	95	4	1	94	100	33	70	47	84	19	37	11	23	80	3	2	3	60	89	59	75	89	92	99	81	82	90	43	94	21	71	44	31	17	41	28	67	22	51	42	22	70	13	14	87	97	4	
12	78	10	44	71	13	28	80	9	61	96	39	28	48	76	91	69	67	9	56	94	21	23	27	73	73	2	7	46	61	61	83	29	68	17	14	84	13	24	85	90	86	94	58	13	3	32	79	24	13	
8	71	28	89	14	99	89	30	89	70	33	22	34	97	69	84	4	57	5	60	82	60	59	39	38	2	53	8	67	36	56	67	46	19	30	70	42	66	6	37	2	65	80	28	14	32	84	74	99	24	
92	5	42	81	98	18	12	82	43	6	3	33	25	54	95	12	12	49	21	77	17	97	90	30	35	59	54	16	93	47	36	63	56	40	88	66	35	73	11	80	15	68	17	81	87	79	74	43	81	72	
37	86	47	86	99	5	99	34	42	11	64	46	4	81	23	99	2	50	99	43	66	49	54	46	62	86	24	21	100	70	100	26	54	2	28	95	63	68	83	32	38	39	7	76	97	24	99	81	17	10	
23	59	61	63	42	5	32	37	51	75	91	67	73	70	67	65	60	50	54	45	19	99	100	92	85	66	43	38	71	57	100	22	31	78	36	72	77	18	54	93	38	75	15	62	4	13	24	72	10	21	
