50
1081
61	26	22	71	75	64	58	41	87	81	51	85	55	26	50	31	41	8	79	26	50	46	69	92	22	30	7	19	2	65	21	73	57	9	18	73	95	11	33	93	98	86	53	1	76	29	61	44	83	98	
92	7	4	67	11	61	89	51	86	31	97	41	82	14	26	46	24	100	59	65	79	88	3	100	31	100	11	48	32	28	81	58	37	82	79	85	68	54	37	16	39	79	86	35	85	64	92	27	66	53	
7	12	35	60	31	49	5	1	81	50	13	16	34	44	39	69	92	81	60	56	32	39	3	91	80	57	62	78	6	24	51	72	94	97	14	16	94	92	48	22	42	58	21	71	8	15	76	40	13	91	
4	35	84	68	11	95	55	37	64	68	88	1	92	35	69	33	69	71	58	75	19	72	24	45	54	44	31	46	77	64	82	64	1	19	14	65	39	58	97	63	9	86	53	61	19	93	100	74	10	4	
67	60	68	7	31	64	47	91	96	83	83	93	42	14	39	87	26	56	4	51	26	27	21	16	97	54	74	46	8	60	46	12	91	11	31	35	98	50	93	22	72	79	23	1	65	22	22	27	36	34	
11	31	11	31	51	97	74	22	77	18	37	85	15	65	83	90	17	20	17	70	76	94	75	71	6	52	65	75	41	93	56	24	55	95	19	31	65	15	53	84	19	88	81	24	80	91	9	58	95	37	
61	49	95	64	97	95	4	17	91	82	40	42	39	18	54	99	15	79	62	2	100	85	12	61	12	14	19	52	74	95	90	24	38	3	57	18	59	1	9	75	70	1	19	85	43	67	70	79	24	29	
89	5	55	47	74	4	80	40	40	3	44	87	47	34	99	41	65	15	1	86	89	82	35	9	86	94	20	3	46	36	2	61	53	95	38	80	45	67	20	58	75	69	15	6	80	100	52	92	58	66	
51	1	37	91	22	17	40	77	19	68	39	38	62	45	11	41	73	9	40	13	2	17	85	93	29	70	26	33	89	12	18	97	45	42	16	28	29	56	74	61	34	66	63	39	13	12	55	37	17	21	
86	81	64	96	77	91	40	19	95	98	80	40	15	11	52	20	57	54	41	66	58	58	66	43	51	89	3	86	95	77	24	55	6	54	51	36	2	20	52	77	49	48	34	51	25	59	77	23	82	27	
31	50	68	83	18	82	3	68	98	32	69	73	11	70	17	3	35	65	58	25	84	82	74	72	94	70	83	92	77	56	79	72	10	34	27	40	63	87	89	32	89	12	61	16	56	35	52	84	12	55	
97	13	88	83	37	40	44	39	80	69	75	41	88	76	59	17	59	100	41	60	36	75	90	14	54	71	99	66	46	57	62	75	66	16	70	67	68	13	92	3	20	80	42	95	3	56	83	77	15	50	
41	16	1	93	85	42	87	38	40	73	41	7	74	52	35	8	36	32	98	28	49	95	2	64	41	95	99	17	94	39	23	63	80	25	25	38	60	56	21	10	60	75	44	81	91	98	21	56	19	31	
82	34	92	42	15	39	47	62	15	11	88	74	80	49	87	45	64	74	54	72	99	79	81	77	44	66	28	15	28	80	52	77	73	59	50	23	8	9	65	12	86	87	56	64	92	37	49	1	11	1	
14	44	35	14	65	18	34	45	11	70	76	52	49	46	82	52	9	41	21	26	82	42	45	7	58	68	93	100	68	57	25	17	69	66	1	46	78	87	58	41	43	10	85	55	83	98	85	22	74	22	
26	39	69	39	83	54	99	11	52	17	59	35	87	82	70	52	29	47	36	53	8	75	81	17	57	35	65	95	92	24	70	85	16	59	31	7	53	70	14	41	12	62	92	38	90	44	38	100	2	78	
46	69	33	87	90	99	41	41	20	3	17	8	45	52	52	43	62	82	74	73	43	60	39	41	61	30	52	25	50	6	50	99	77	9	57	49	24	40	67	54	52	35	11	45	53	95	58	14	90	18	
24	92	69	26	17	15	65	73	57	35	59	36	64	9	29	62	58	88	94	67	18	89	29	63	53	95	62	40	47	11	36	26	5	33	25	88	50	75	43	93	52	9	93	93	4	70	79	45	38	62	
100	81	71	56	20	79	15	9	54	65	100	32	74	41	47	82	88	50	30	65	4	64	85	85	3	22	61	23	85	27	41	54	71	39	85	80	46	15	41	4	61	24	38	73	16	65	21	21	99	98	
59	60	58	4	17	62	1	40	41	58	41	98	54	21	36	74	94	30	5	27	32	88	28	29	66	91	49	6	18	42	66	3	35	2	74	4	95	25	43	88	89	58	14	50	15	72	35	4	85	55	
65	56	75	51	70	2	86	13	66	25	60	28	72	26	53	73	67	65	27	20	41	85	52	95	85	66	70	53	41	22	5	60	5	77	40	86	98	71	75	4	15	3	86	48	36	14	48	59	75	3	
79	32	19	26	76	100	89	2	58	84	36	49	99	82	8	43	18	4	32	41	94	57	53	37	14	79	5	45	50	11	50	42	39	28	16	12	61	67	90	28	65	43	91	93	11	92	94	65	17	79	
88	39	72	27	94	85	82	17	58	82	75	95	79	42	75	60	89	64	88	85	57	71	66	46	99	42	56	46	86	76	15	66	70	31	45	29	60	60	48	48	30	31	6	26	67	12	54	84	14	19	
3	3	24	21	75	12	35	85	66	74	90	2	81	45	81	39	29	85	28	52	53	66	4	13	63	79	90	78	24	4	36	12	74	91	89	92	60	45	22	52	3	14	6	73	44	43	46	30	65	39	
100	91	45	16	71	61	9	93	43	72	14	64	77	7	17	41	63	85	29	95	37	46	13	43	20	81	59	41	51	49	4	40	25	33	32	26	33	90	49	65	93	93	60	33	97	35	63	80	13	4	
31	80	54	97	6	12	86	29	51	94	54	41	44	58	57	61	53	3	66	85	14	99	63	20	90	12	61	73	97	68	17	90	5	24	38	91	72	73	13	48	53	54	39	7	97	92	58	68	49	82	
100	57	44	54	52	14	94	70	89	70	71	95	66	68	35	30	95	22	91	66	79	42	79	81	12	6	55	11	20	54	38	11	39	7	7	12	18	40	28	28	1	28	49	39	59	100	5	80	67	69	
11	62	31	74	65	19	20	26	3	83	99	99	28	93	65	52	62	61	49	70	5	56	90	59	61	55	15	52	20	83	57	3	91	67	53	21	57	4	59	58	22	13	71	32	45	39	67	72	72	55	
48	78	46	46	75	52	3	33	86	92	66	17	15	100	95	25	40	23	6	53	45	46	78	41	73	11	52	49	83	92	87	28	99	39	47	54	49	41	86	95	80	3	36	33	22	55	56	55	31	69	
32	6	77	8	41	74	46	89	95	77	46	94	28	68	92	50	47	85	18	41	50	86	24	51	97	20	20	83	55	1	53	11	12	80	53	28	37	98	89	96	80	91	5	61	70	99	57	56	3	87	
28	24	64	60	93	95	36	12	77	56	57	39	80	57	24	6	11	27	42	22	11	76	4	49	68	54	83	92	1	100	5	78	87	94	27	4	80	71	1	74	57	95	34	59	15	27	2	75	27	53	
81	51	82	46	56	90	2	18	24	79	62	23	52	25	70	50	36	41	66	5	50	15	36	4	17	38	57	87	53	5	15	73	5	67	14	17	87	8	23	83	35	43	77	82	33	94	63	83	4	27	
58	72	64	12	24	24	61	97	55	72	75	63	77	17	85	99	26	54	3	60	42	66	12	40	90	11	3	28	11	78	73	93	16	65	62	50	59	33	35	71	19	70	73	68	38	99	95	71	16	28	
37	94	1	91	55	38	53	45	6	10	66	80	73	69	16	77	5	71	35	5	39	70	74	25	5	39	91	99	12	87	5	16	30	49	3	77	71	7	10	25	59	75	4	84	86	81	93	29	38	97	
82	97	19	11	95	3	95	42	54	34	16	25	59	66	59	9	33	39	2	77	28	31	91	33	24	7	67	39	80	94	67	65	49	46	63	9	64	81	16	4	77	22	10	51	26	26	24	38	40	55	
79	14	14	31	19	57	38	16	51	27	70	25	50	1	31	57	25	85	74	40	16	45	89	32	38	7	53	47	53	27	14	62	3	63	34	17	68	55	25	65	44	52	100	87	15	99	68	38	98	39	
85	16	65	35	31	18	80	28	36	40	67	38	23	46	7	49	88	80	4	86	12	29	92	26	91	12	21	54	28	4	17	50	77	9	17	22	26	79	46	73	54	35	14	51	68	28	38	96	66	45	
68	94	39	98	65	59	45	29	2	63	68	60	8	78	53	24	50	46	95	98	61	60	60	33	72	18	57	49	37	80	87	59	71	64	68	26	97	10	32	62	44	58	60	54	57	21	70	29	84	8	
54	92	58	50	15	1	67	56	20	87	13	56	9	87	70	40	75	15	25	71	67	60	45	90	73	40	4	41	98	71	8	33	7	81	55	79	10	64	82	96	29	33	86	81	16	15	55	7	62	45	
37	48	97	93	53	9	20	74	52	89	92	21	65	58	14	67	43	41	43	75	90	48	22	49	13	28	59	86	89	1	23	35	10	16	25	46	32	82	64	40	53	76	87	48	80	89	99	4	40	46	
16	22	63	22	84	75	58	61	77	32	3	10	12	41	41	54	93	4	88	4	28	48	52	65	48	28	58	95	96	74	83	71	25	4	65	73	62	96	40	25	77	11	99	99	24	86	57	92	85	21	
39	42	9	72	19	70	75	34	49	89	20	60	86	43	12	52	52	61	89	15	65	30	3	93	53	1	22	80	80	57	35	19	59	77	44	54	44	29	53	77	11	34	43	60	33	70	85	99	7	88	
79	58	86	79	88	1	69	66	48	12	80	75	87	10	62	35	9	24	58	3	43	31	14	93	54	28	13	3	91	95	43	70	75	22	52	35	58	33	76	11	34	87	83	70	76	31	29	97	82	78	
86	21	53	23	81	19	15	63	34	61	42	44	56	85	92	11	93	38	14	86	91	6	6	60	39	49	71	36	5	34	77	73	4	10	100	14	60	86	87	99	43	83	91	39	81	47	16	63	39	99	
35	71	61	1	24	85	6	39	51	16	95	81	64	55	38	45	93	73	50	48	93	26	73	33	7	39	32	33	61	59	82	68	84	51	87	51	54	81	48	99	60	70	39	55	23	39	94	34	86	34	
85	8	19	65	80	43	80	13	25	56	3	91	92	83	90	53	4	16	15	36	11	67	44	97	97	59	45	22	70	15	33	38	86	26	15	68	57	16	80	24	33	76	81	23	24	95	38	25	2	95	
64	15	93	22	91	67	100	12	59	35	56	98	37	98	44	95	70	65	72	14	92	12	43	35	92	100	39	55	99	27	94	99	81	26	99	28	21	15	89	86	70	31	47	39	95	42	58	4	33	47	
92	76	100	22	9	70	52	55	77	52	83	21	49	85	38	58	79	21	35	48	94	54	46	63	58	5	67	56	57	2	63	95	93	24	68	38	70	55	99	57	85	29	16	94	38	58	59	56	54	79	
27	40	74	27	58	79	92	37	23	84	77	56	1	22	100	14	45	21	4	59	65	84	30	80	68	80	72	55	56	75	83	71	29	38	38	96	29	7	4	92	99	97	63	34	25	4	56	92	6	93	
66	13	10	36	95	24	58	17	82	12	15	19	11	74	2	90	38	99	85	75	17	14	65	13	49	67	72	31	3	27	4	16	38	40	98	66	84	62	40	85	7	82	39	86	2	33	54	6	85	24	
53	91	4	34	37	29	66	21	27	55	50	31	1	22	78	18	62	98	55	3	79	19	39	4	82	69	55	69	87	53	27	28	97	55	39	45	8	45	46	21	88	78	99	34	95	47	79	93	24	50	
