50
1062
50	70	57	4	36	42	86	18	42	36	92	14	85	39	32	54	90	9	12	34	29	37	12	32	58	52	45	34	22	26	99	4	94	51	65	66	90	23	47	55	67	93	5	90	1	45	35	51	25	70	
69	8	18	6	75	59	41	46	52	7	53	64	9	32	17	68	97	11	92	3	33	11	64	48	49	12	68	21	53	43	23	48	85	86	4	39	88	91	76	19	70	13	24	55	59	52	63	60	56	69	
8	99	49	34	20	68	100	100	69	55	4	94	73	83	70	5	15	41	73	7	39	91	26	95	48	49	26	37	11	12	20	91	59	43	74	40	43	58	64	44	26	13	46	93	49	62	39	76	61	2	
18	49	55	42	34	79	12	8	50	1	27	53	98	2	100	68	15	77	23	43	41	12	48	55	4	63	13	63	44	3	8	22	91	40	81	6	99	11	1	43	87	48	39	24	77	74	20	26	99	5	
6	34	42	33	93	87	81	87	39	88	81	41	23	18	36	67	61	9	69	10	78	9	79	88	78	45	16	76	33	15	74	12	90	100	29	7	30	60	74	32	90	95	59	62	83	62	65	95	5	44	
75	20	34	93	7	85	36	43	100	71	23	94	80	87	89	47	20	58	29	91	43	47	56	76	88	66	36	37	47	90	43	89	85	40	61	50	97	60	14	97	51	4	1	28	23	11	85	44	58	16	
59	68	79	87	85	23	86	63	50	44	62	85	92	99	87	8	52	47	26	36	71	96	58	90	94	34	5	19	83	73	83	29	66	49	60	13	28	12	37	84	13	95	7	8	23	72	80	61	26	17	
41	100	12	81	36	86	4	24	45	62	5	95	74	90	75	65	39	25	79	22	7	23	35	29	65	9	9	39	23	79	41	77	42	32	8	44	35	78	77	23	80	44	37	95	38	61	19	54	36	18	
46	100	8	87	43	63	24	78	99	72	74	87	14	26	28	58	58	81	42	78	18	96	54	90	10	75	17	98	19	89	94	32	59	54	6	72	70	44	61	46	50	6	54	51	13	60	82	27	31	58	
52	69	50	39	100	50	45	99	90	6	81	41	88	77	89	30	27	30	2	83	34	13	76	45	1	58	26	76	69	61	87	5	41	25	75	47	11	13	9	26	25	25	2	76	74	83	55	79	52	16	
7	55	1	88	71	44	62	72	6	35	95	41	5	48	42	30	70	37	56	31	46	5	89	89	90	90	87	65	31	56	75	65	48	45	100	4	61	41	71	45	64	7	64	48	89	50	41	39	93	56	
53	4	27	81	23	62	5	74	81	95	87	85	34	30	10	33	74	57	43	95	71	42	15	45	16	99	31	72	21	89	65	75	2	38	3	90	54	8	23	77	67	49	33	85	70	94	30	80	66	67	
64	94	53	41	94	85	95	87	41	41	85	89	67	24	83	88	3	25	6	32	74	63	97	19	15	76	29	39	3	29	91	3	4	68	22	33	80	81	83	35	5	49	83	70	79	73	96	38	14	35	
9	73	98	23	80	92	74	14	88	5	34	67	13	56	54	52	37	26	77	55	51	38	32	20	30	42	95	62	100	4	40	13	100	30	99	68	21	22	70	89	17	41	77	37	59	89	56	53	20	83	
32	83	2	18	87	99	90	26	77	48	30	24	56	23	17	19	71	4	50	89	85	30	12	72	20	28	10	80	50	13	100	55	63	61	88	95	12	47	100	8	90	81	12	83	95	14	34	32	12	30	
17	70	100	36	89	87	75	28	89	42	10	83	54	17	46	69	83	39	8	61	95	37	56	90	94	30	87	89	70	16	73	9	33	100	55	69	6	87	96	77	94	81	7	99	96	95	33	53	9	47	
68	5	68	67	47	8	65	58	30	30	33	88	52	19	69	17	98	65	62	11	34	19	63	17	52	84	51	95	13	45	76	41	99	2	67	10	20	82	97	95	41	56	93	4	81	55	90	51	85	87	
97	15	15	61	20	52	39	58	27	70	74	3	37	71	83	98	58	50	98	100	67	12	49	100	66	8	27	13	68	2	82	82	82	94	6	88	55	93	93	18	35	76	91	85	54	18	3	52	28	15	
11	41	77	9	58	47	25	81	30	37	57	25	26	4	39	65	50	27	74	20	3	53	88	65	93	91	52	86	14	25	74	12	48	43	16	20	34	98	93	59	32	67	17	93	50	39	27	45	56	71	
92	73	23	69	29	26	79	42	2	56	43	6	77	50	8	62	98	74	41	34	2	80	59	62	36	29	78	49	97	99	15	17	47	42	84	13	51	93	28	73	11	81	43	34	10	2	46	6	2	98	
3	7	43	10	91	36	22	78	83	31	95	32	55	89	61	11	100	20	34	66	76	34	37	92	81	22	3	54	54	17	65	76	68	31	12	30	73	35	3	10	93	25	93	75	85	94	52	80	48	5	
33	39	41	78	43	71	7	18	34	46	71	74	51	85	95	34	67	3	2	76	29	27	36	67	33	6	59	61	28	55	11	49	36	86	25	15	84	66	19	88	3	15	94	31	69	97	85	90	38	95	
11	91	12	9	47	96	23	96	13	5	42	63	38	30	37	19	12	53	80	34	27	50	57	23	89	67	76	51	74	91	35	82	6	93	13	19	7	20	3	62	4	7	55	7	48	98	83	15	49	17	
64	26	48	79	56	58	35	54	76	89	15	97	32	12	56	63	49	88	59	37	36	57	20	94	60	62	88	99	94	50	99	41	20	65	31	87	34	57	49	71	62	9	63	94	66	89	21	92	38	75	
48	95	55	88	76	90	29	90	45	89	45	19	20	72	90	17	100	65	62	92	67	23	94	25	89	71	80	80	1	10	73	17	22	57	53	69	37	82	79	22	83	7	66	2	35	33	26	94	35	77	
49	48	4	78	88	94	65	10	1	90	16	15	30	20	94	52	66	93	36	81	33	89	60	89	80	74	74	61	73	9	2	58	49	25	99	26	79	39	48	28	27	93	39	84	9	54	26	44	88	85	
12	49	63	45	66	34	9	75	58	90	99	76	42	28	30	84	8	91	29	22	6	67	62	71	74	11	92	4	45	37	10	52	31	62	97	42	93	61	8	45	58	69	99	41	88	79	47	59	3	100	
68	26	13	16	36	5	9	17	26	87	31	29	95	10	87	51	27	52	78	3	59	76	88	80	74	92	13	83	89	76	47	56	77	19	96	75	22	16	10	89	7	12	58	65	33	55	42	66	72	19	
21	37	63	76	37	19	39	98	76	65	72	39	62	80	89	95	13	86	49	54	61	51	99	80	61	4	83	36	6	43	78	76	4	68	86	96	5	64	39	69	98	13	98	69	36	10	79	16	89	98	
53	11	44	33	47	83	23	19	69	31	21	3	100	50	70	13	68	14	97	54	28	74	94	1	73	45	89	6	74	92	99	17	52	81	50	72	87	39	10	94	49	80	22	30	68	56	63	54	65	93	
43	12	3	15	90	73	79	89	61	56	89	29	4	13	16	45	2	25	99	17	55	91	50	10	9	37	76	43	92	58	28	85	61	88	33	20	17	13	25	24	67	15	2	86	25	11	53	35	82	36	
23	20	8	74	43	83	41	94	87	75	65	91	40	100	73	76	82	74	15	65	11	35	99	73	2	10	47	78	99	28	49	89	36	77	21	81	94	48	60	70	2	19	41	46	20	92	70	45	96	83	
48	91	22	12	89	29	77	32	5	65	75	3	13	55	9	41	82	12	17	76	49	82	41	17	58	52	56	76	17	85	89	37	31	83	79	58	13	39	98	6	60	23	85	87	28	45	68	41	61	77	
85	59	91	90	85	66	42	59	41	48	2	4	100	63	33	99	82	48	47	68	36	6	20	22	49	31	77	4	52	61	36	31	74	95	82	46	64	49	13	22	100	24	30	9	87	33	82	8	87	14	
86	43	40	100	40	49	32	54	25	45	38	68	30	61	100	2	94	43	42	31	86	93	65	57	25	62	19	68	81	88	77	83	95	62	80	21	99	74	43	77	34	58	20	74	29	67	47	83	48	14	
4	74	81	29	61	60	8	6	75	100	3	22	99	88	55	67	6	16	84	12	25	13	31	53	99	97	96	86	50	33	21	79	82	80	70	67	5	19	51	16	33	66	97	92	73	5	56	57	37	56	
39	40	6	7	50	13	44	72	47	4	90	33	68	95	69	10	88	20	13	30	15	19	87	69	26	42	75	96	72	20	81	58	46	21	67	42	28	32	82	98	19	81	52	54	47	27	16	39	90	68	
88	43	99	30	97	28	35	70	11	61	54	80	21	12	6	20	55	34	51	73	84	7	34	37	79	93	22	5	87	17	94	13	64	99	5	28	97	40	37	24	88	17	7	97	13	95	20	28	74	92	
91	58	11	60	60	12	78	44	13	41	8	81	22	47	87	82	93	98	93	35	66	20	57	82	39	61	16	64	39	13	48	39	49	74	19	32	40	96	38	27	69	53	91	78	40	80	86	31	25	12	
76	64	1	74	14	37	77	61	9	71	23	83	70	100	96	97	93	93	28	3	19	3	49	79	48	8	10	39	10	25	60	98	13	43	51	82	37	38	3	36	22	47	11	97	99	74	99	26	45	84	
19	44	43	32	97	84	23	46	26	45	77	35	89	8	77	95	18	59	73	10	88	62	71	22	28	45	89	69	94	24	70	6	22	77	16	98	24	27	36	10	18	10	73	95	90	37	89	66	18	11	
70	26	87	90	51	13	80	50	25	64	67	5	17	90	94	41	35	32	11	93	3	4	62	83	27	58	7	98	49	67	2	60	100	34	33	19	88	69	22	18	10	5	74	92	99	86	72	13	49	14	
13	13	48	95	4	95	44	6	25	7	49	49	41	81	81	56	76	67	81	25	15	7	9	7	93	69	12	13	80	15	19	23	24	58	66	81	17	53	47	10	5	26	80	34	93	14	32	70	18	55	
24	46	39	59	1	7	37	54	2	64	33	83	77	12	7	93	91	17	43	93	94	55	63	66	39	99	58	98	22	2	41	85	30	20	97	52	7	91	11	73	74	80	65	36	66	90	1	25	4	32	
55	93	24	62	28	8	95	51	76	48	85	70	37	83	99	4	85	93	34	75	31	7	94	2	84	41	65	69	30	86	46	87	9	74	92	54	97	78	97	95	92	34	36	12	22	3	74	12	40	33	
59	49	77	83	23	23	38	13	74	89	70	79	59	95	96	81	54	50	10	85	69	48	66	35	9	88	33	36	68	25	20	28	87	29	73	47	13	40	99	90	99	93	66	22	6	75	65	46	60	59	
52	62	74	62	11	72	61	60	83	50	94	73	89	14	95	55	18	39	2	94	97	98	89	33	54	79	55	10	56	11	92	45	33	67	5	27	95	80	74	37	86	14	90	3	75	53	3	10	49	21	
63	39	20	65	85	80	19	82	55	41	30	96	56	34	33	90	3	27	46	52	85	83	21	26	26	47	42	79	63	53	70	68	82	47	56	16	20	86	99	89	72	32	1	74	65	3	26	21	71	66	
60	76	26	95	44	61	54	27	79	39	80	38	53	32	53	51	52	45	6	80	90	15	92	94	44	59	66	16	54	35	45	41	8	83	57	39	28	31	26	66	13	70	25	12	46	10	21	98	93	3	
56	61	99	5	58	26	36	31	52	93	66	14	20	12	9	85	28	56	2	48	38	49	38	35	88	3	72	89	65	82	96	61	87	48	37	90	74	25	45	18	49	18	4	40	60	49	71	93	49	20	
69	2	5	44	16	17	18	58	16	56	67	35	83	30	47	87	15	71	98	5	95	17	75	77	85	100	19	98	93	36	83	77	14	14	56	68	92	12	84	11	14	55	32	33	59	21	66	3	20	3	
