50
1098
34	92	64	53	50	26	40	24	71	84	56	71	20	96	59	76	82	89	43	80	66	85	20	38	17	34	42	28	41	65	66	91	13	8	36	55	9	34	64	58	90	27	58	69	53	48	2	50	60	36	
22	67	64	43	23	58	66	32	76	43	48	74	26	56	56	46	96	1	52	68	60	64	11	49	16	78	66	11	64	3	16	83	32	44	65	18	88	52	63	26	23	83	27	66	46	71	22	85	21	47	
67	93	41	40	30	18	61	7	36	79	86	69	6	58	51	46	20	54	5	78	92	42	97	35	34	95	9	80	83	57	20	29	90	66	78	98	99	4	76	79	48	87	72	36	34	49	89	29	16	51	
64	41	99	84	20	26	10	97	79	53	65	23	11	94	69	89	28	31	22	54	92	16	55	17	76	26	43	22	3	14	98	24	3	70	35	9	58	9	37	58	100	22	34	91	2	3	97	69	36	99	
43	40	84	22	58	100	68	61	77	63	77	24	26	63	19	90	53	61	30	74	98	43	91	93	7	96	52	1	95	76	73	25	81	21	33	61	14	14	86	69	31	19	1	93	76	80	12	89	92	52	
23	30	20	58	79	25	14	41	2	79	70	86	54	16	73	94	76	12	95	32	87	10	51	45	66	94	32	85	38	16	48	28	68	34	88	61	71	21	88	40	87	6	88	26	2	90	90	45	63	92	
58	18	26	100	25	63	79	68	93	44	33	97	17	7	89	8	84	70	69	15	45	40	95	84	53	12	75	20	45	4	27	74	45	77	31	47	96	24	44	84	79	85	28	8	23	68	100	71	36	13	
66	61	10	68	14	79	43	30	10	33	73	35	86	96	42	17	11	50	85	29	98	93	75	93	63	8	60	6	46	99	13	63	26	62	1	64	78	68	57	34	32	5	23	74	87	19	87	95	45	87	
32	7	97	61	41	68	30	16	36	12	1	2	49	7	69	29	41	49	34	17	12	57	40	72	66	84	9	60	18	87	40	2	42	53	1	26	78	48	21	96	46	54	4	26	62	44	11	61	75	88	
76	36	79	77	2	93	10	36	58	96	33	45	2	21	45	82	6	18	28	37	9	71	18	4	66	96	51	85	88	23	24	66	22	98	95	6	57	27	94	66	91	70	79	54	87	72	82	30	91	42	
43	79	53	63	79	44	33	12	96	92	40	19	95	52	75	91	5	84	25	19	95	56	100	69	31	62	20	77	22	33	90	62	69	69	20	1	20	50	5	92	78	85	45	73	26	74	59	79	97	43	
48	86	65	77	70	33	73	1	33	40	7	85	89	58	59	57	53	43	26	96	57	19	91	12	76	62	57	84	15	92	77	8	84	88	52	99	11	75	63	44	17	3	47	68	13	43	50	2	63	26	
74	69	23	24	86	97	35	2	45	19	85	48	56	29	40	7	18	31	100	48	94	51	50	73	28	4	9	13	94	60	29	54	74	40	48	4	32	60	68	99	81	25	52	58	26	20	20	89	23	82	
26	6	11	26	54	17	86	49	2	95	89	56	33	32	63	66	99	43	30	76	85	95	85	25	70	93	43	29	42	93	98	20	71	30	14	86	90	38	59	19	81	100	78	63	80	100	10	6	88	32	
56	58	94	63	16	7	96	7	21	52	58	29	32	59	22	87	37	20	33	46	49	62	27	98	15	95	81	89	35	4	25	18	34	26	33	8	39	68	30	72	43	92	73	66	84	52	31	96	28	48	
56	51	69	19	73	89	42	69	45	75	59	40	63	22	96	86	55	80	76	25	98	46	73	4	1	18	53	45	29	9	53	7	60	100	75	11	74	95	18	78	28	96	15	57	6	76	82	23	32	44	
46	46	89	90	94	8	17	29	82	91	57	7	66	87	86	30	52	68	42	81	91	38	10	69	62	45	90	25	88	74	6	47	7	69	98	73	41	33	25	40	50	76	53	94	28	97	69	98	58	83	
96	20	28	53	76	84	11	41	6	5	53	18	99	37	55	52	65	28	32	33	68	52	48	81	22	71	6	53	13	73	88	82	84	3	53	54	55	27	93	51	41	7	3	7	27	3	3	40	70	41	
1	54	31	61	12	70	50	49	18	84	43	31	43	20	80	68	28	69	46	22	16	73	30	29	54	30	99	44	26	67	54	66	58	79	51	80	50	5	76	53	42	69	91	44	30	84	35	5	55	83	
52	5	22	30	95	69	85	34	28	25	26	100	30	33	76	42	32	46	44	62	5	27	4	98	19	44	47	90	3	67	27	95	74	1	32	4	95	17	97	10	16	84	45	33	67	40	99	32	23	56	
68	78	54	74	32	15	29	17	37	19	96	48	76	46	25	81	33	22	62	57	29	6	14	46	10	89	10	28	21	78	95	89	32	100	99	68	92	37	74	86	49	55	52	14	84	50	8	17	58	2	
60	92	92	98	87	45	98	12	9	95	57	94	85	49	98	91	68	16	5	29	69	63	69	1	30	24	53	5	15	53	87	57	96	98	9	41	47	44	21	35	60	91	4	70	96	25	97	62	63	69	
64	42	16	43	10	40	93	57	71	56	19	51	95	62	46	38	52	73	27	6	63	31	43	51	22	50	57	48	43	75	17	42	74	90	12	67	65	43	4	38	70	36	56	54	66	49	51	92	54	92	
11	97	55	91	51	95	75	40	18	100	91	50	85	27	73	10	48	30	4	14	69	43	54	73	79	73	46	97	25	83	84	79	36	97	45	76	14	41	26	49	36	65	69	49	71	72	69	22	22	99	
49	35	17	93	45	84	93	72	4	69	12	73	25	98	4	69	81	29	98	46	1	51	73	24	9	82	19	79	60	21	71	77	58	73	18	57	93	92	15	16	80	76	71	77	81	49	22	54	25	9	
16	34	76	7	66	53	63	66	66	31	76	28	70	15	1	62	22	54	19	10	30	22	79	9	80	91	78	15	2	96	66	32	20	81	13	4	32	65	2	46	67	89	53	59	51	93	52	59	15	51	
78	95	26	96	94	12	8	84	96	62	62	4	93	95	18	45	71	30	44	89	24	50	73	82	91	64	63	81	35	6	58	37	18	85	98	25	49	57	65	27	17	25	24	57	23	97	82	62	85	48	
66	9	43	52	32	75	60	9	51	20	57	9	43	81	53	90	6	99	47	10	53	57	46	19	78	63	99	85	91	76	91	87	29	9	48	22	89	50	94	17	12	52	100	71	91	86	91	98	47	93	
11	80	22	1	85	20	6	60	85	77	84	13	29	89	45	25	53	44	90	28	5	48	97	79	15	81	85	53	85	40	58	20	47	41	9	14	32	3	65	88	29	66	24	79	93	42	74	85	18	14	
64	83	3	95	38	45	46	18	88	22	15	94	42	35	29	88	13	26	3	21	15	43	25	60	2	35	91	85	40	66	79	12	85	100	15	82	44	72	8	67	14	62	81	83	62	4	76	76	35	14	
3	57	14	76	16	4	99	87	23	33	92	60	93	4	9	74	73	67	67	78	53	75	83	21	96	6	76	40	66	35	37	100	61	9	60	50	34	8	66	80	29	34	17	3	49	36	7	51	63	5	
16	20	98	73	48	27	13	40	24	90	77	29	98	25	53	6	88	54	27	95	87	17	84	71	66	58	91	58	79	37	82	26	57	52	67	38	10	29	91	68	1	43	83	46	76	92	16	94	77	68	
83	29	24	25	28	74	63	2	66	62	8	54	20	18	7	47	82	66	95	89	57	42	79	77	32	37	87	20	12	100	26	18	3	12	46	7	33	38	30	82	2	19	54	42	33	69	29	91	21	56	
32	90	3	81	68	45	26	42	22	69	84	74	71	34	60	7	84	58	74	32	96	74	36	58	20	18	29	47	85	61	57	3	13	47	52	2	68	99	11	49	76	46	67	48	34	78	17	15	39	80	
44	66	70	21	34	77	62	53	98	69	88	40	30	26	100	69	3	79	1	100	98	90	97	73	81	85	9	41	100	9	52	12	47	13	50	18	55	31	56	69	37	91	56	73	18	74	90	40	28	65	
65	78	35	33	88	31	1	1	95	20	52	48	14	33	75	98	53	51	32	99	9	12	45	18	13	98	48	9	15	60	67	46	52	50	57	64	96	40	13	62	25	5	82	54	97	91	65	34	32	58	
18	98	9	61	61	47	64	26	6	1	99	4	86	8	11	73	54	80	4	68	41	67	76	57	4	25	22	14	82	50	38	7	2	18	64	7	74	81	68	35	71	89	2	36	67	18	88	22	76	53	
88	99	58	14	71	96	78	78	57	20	11	32	90	39	74	41	55	50	95	92	47	65	14	93	32	49	89	32	44	34	10	33	68	55	96	74	32	15	28	78	35	88	22	72	17	97	14	39	20	66	
52	4	9	14	21	24	68	48	27	50	75	60	38	68	95	33	27	5	17	37	44	43	41	92	65	57	50	3	72	8	29	38	99	31	40	81	15	26	11	18	73	11	44	9	85	72	47	86	88	46	
63	76	37	86	88	44	57	21	94	5	63	68	59	30	18	25	93	76	97	74	21	4	26	15	2	65	94	65	8	66	91	30	11	56	13	68	28	11	18	55	50	23	75	32	60	93	56	81	44	14	
26	79	58	69	40	84	34	96	66	92	44	99	19	72	78	40	51	53	10	86	35	38	49	16	46	27	17	88	67	80	68	82	49	69	62	35	78	18	55	55	84	8	58	91	56	16	92	86	31	92	
23	48	100	31	87	79	32	46	91	78	17	81	81	43	28	50	41	42	16	49	60	70	36	80	67	17	12	29	14	29	1	2	76	37	25	71	35	73	50	84	18	65	84	45	98	48	69	87	5	61	
83	87	22	19	6	85	5	54	70	85	3	25	100	92	96	76	7	69	84	55	91	36	65	76	89	25	52	66	62	34	43	19	46	91	5	89	88	11	23	8	65	81	39	26	59	54	52	13	47	81	
27	72	34	1	88	28	23	4	79	45	47	52	78	73	15	53	3	91	45	52	4	56	69	71	53	24	100	24	81	17	83	54	67	56	82	2	22	44	75	58	84	39	68	62	33	89	50	100	31	93	
66	36	91	93	26	8	74	26	54	73	68	58	63	66	57	94	7	44	33	14	70	54	49	77	59	57	71	79	83	3	46	42	48	73	54	36	72	9	32	91	45	26	62	67	81	33	51	65	47	71	
46	34	2	76	2	23	87	62	87	26	13	26	80	84	6	28	27	30	67	84	96	66	71	81	51	23	91	93	62	49	76	33	34	18	97	67	17	85	60	56	98	59	33	81	59	58	97	37	34	85	
71	49	3	80	90	68	19	44	72	74	43	20	100	52	76	97	3	84	40	50	25	49	72	49	93	97	86	42	4	36	92	69	78	74	91	18	97	72	93	16	48	54	89	33	58	61	29	6	45	21	
22	89	97	12	90	100	87	11	82	59	50	20	10	31	82	69	3	35	99	8	97	51	69	22	52	82	91	74	76	7	16	29	17	90	65	88	14	47	56	92	69	52	50	51	97	29	51	26	38	95	
85	29	69	89	45	71	95	61	30	79	2	89	6	96	23	98	40	5	32	17	62	92	22	54	59	62	98	85	76	51	94	91	15	40	34	22	39	86	81	86	87	13	100	65	37	6	26	81	89	28	
21	16	36	92	63	36	45	75	91	97	63	23	88	28	32	58	70	55	23	58	63	54	22	25	15	85	47	18	35	63	77	21	39	28	32	76	20	88	44	31	5	47	31	47	34	45	38	89	11	40	
47	51	99	52	92	13	87	88	42	43	26	82	32	48	44	83	41	83	56	2	69	92	99	9	51	48	93	14	14	5	68	56	80	65	58	53	66	46	14	92	61	81	93	71	85	21	95	28	40	7	
