50
1158
80	23	78	78	51	50	55	24	88	2	53	1	90	96	52	63	58	9	91	21	63	16	12	84	64	67	88	44	86	55	5	56	1	44	39	30	12	45	79	34	50	79	71	82	44	69	94	51	6	93	
15	27	30	65	79	65	72	38	77	11	70	22	1	79	37	91	50	58	81	51	26	34	21	30	63	67	60	41	36	70	42	29	99	44	36	67	50	16	88	63	18	65	5	71	45	20	15	100	29	49	
27	28	38	85	75	46	40	90	55	75	100	88	69	1	43	11	77	82	63	77	80	74	91	95	40	40	95	6	46	94	31	85	72	3	82	2	88	29	30	78	13	87	92	79	86	84	35	25	88	35	
30	38	84	72	58	28	95	4	35	31	83	14	91	94	61	53	74	83	60	13	16	68	80	56	2	96	89	52	93	46	54	40	61	80	78	91	19	40	3	71	30	69	34	49	36	25	81	75	40	87	
65	85	72	100	72	65	1	55	81	89	40	61	65	80	91	73	5	28	82	84	63	61	62	46	79	92	39	44	47	81	21	39	33	77	23	73	17	39	33	88	73	43	14	35	64	26	93	71	92	17	
79	75	58	72	57	77	71	15	10	89	9	26	64	66	61	96	9	4	50	27	22	80	1	14	56	5	88	90	34	11	42	83	59	71	41	67	89	99	78	99	16	32	5	50	78	64	4	5	9	11	
65	46	28	65	77	69	88	50	25	53	15	82	54	48	25	50	48	80	57	27	11	71	53	4	54	11	4	41	86	100	6	92	76	63	27	73	59	24	79	25	25	48	6	37	2	75	23	44	67	54	
72	40	95	1	71	88	96	51	56	71	58	81	15	40	77	15	54	17	42	98	34	83	46	44	100	20	17	43	76	66	59	100	23	34	92	90	38	58	97	99	60	46	72	53	89	4	25	57	27	26	
38	90	4	55	15	50	51	37	29	51	88	11	9	74	9	97	72	41	76	89	48	29	66	90	33	54	47	77	39	47	65	95	2	26	24	42	47	99	46	48	97	57	79	5	10	9	40	92	10	3	
77	55	35	81	10	25	56	29	93	100	17	63	76	99	28	23	36	31	80	70	14	20	1	93	68	21	40	92	4	6	29	30	12	43	35	32	14	95	86	93	85	42	4	43	50	90	88	52	2	64	
11	75	31	89	89	53	71	51	100	24	67	48	70	40	90	58	87	65	69	74	84	3	45	83	51	68	14	28	97	50	10	36	14	36	87	66	4	73	97	44	75	76	68	2	15	92	3	76	5	46	
70	100	83	40	9	15	58	88	17	67	5	76	49	41	13	22	53	51	10	1	65	92	2	66	25	50	49	98	39	34	82	41	16	16	66	71	86	39	53	7	52	82	11	7	90	43	85	91	96	79	
22	88	14	61	26	82	81	11	63	48	76	57	29	7	22	86	77	28	43	68	48	78	77	18	13	23	37	98	7	80	29	17	34	14	56	42	85	77	66	5	91	97	57	81	64	89	50	100	71	81	
1	69	91	65	64	54	15	9	76	70	49	29	77	52	62	73	7	41	72	22	18	32	12	17	38	17	93	94	62	87	81	83	6	46	95	25	52	59	98	17	62	11	18	96	74	78	23	86	28	29	
79	1	94	80	66	48	40	74	99	40	41	7	52	36	57	51	82	96	1	16	86	59	15	30	73	26	84	21	17	72	9	99	61	20	87	36	28	34	68	64	77	2	62	78	79	6	98	20	14	36	
37	43	61	91	61	25	77	9	28	90	13	22	62	57	71	70	12	69	88	73	33	60	58	46	35	65	6	1	70	74	60	16	36	51	96	59	63	77	58	25	71	70	4	23	4	23	94	25	83	3	
91	11	53	73	96	50	15	97	23	58	22	86	73	51	70	30	31	18	43	40	45	7	48	61	94	6	39	91	49	52	3	96	2	81	12	36	59	8	48	14	43	80	13	11	63	96	29	100	60	27	
50	77	74	5	9	48	54	72	36	87	53	77	7	82	12	31	81	68	34	34	51	6	100	83	10	39	85	77	61	92	57	85	96	13	1	41	23	19	8	88	25	21	8	21	41	18	88	60	43	77	
58	82	83	28	4	80	17	41	31	65	51	28	41	96	69	18	68	62	68	80	61	87	69	89	41	20	64	62	59	59	83	80	45	53	3	1	83	16	25	14	65	52	40	77	56	92	52	37	51	17	
81	63	60	82	50	57	42	76	80	69	10	43	72	1	88	43	34	68	97	50	95	49	43	76	64	33	20	26	65	61	33	39	98	27	37	69	32	73	6	39	27	53	71	58	68	6	67	45	77	96	
51	77	13	84	27	27	98	89	70	74	1	68	22	16	73	40	34	80	50	70	33	18	87	49	26	96	94	77	19	84	8	5	96	5	41	55	99	27	44	21	59	82	61	3	42	84	76	45	11	29	
26	80	16	63	22	11	34	48	14	84	65	48	18	86	33	45	51	61	95	33	52	33	16	56	83	23	19	41	90	41	95	44	40	55	4	19	13	71	40	56	24	21	29	95	11	76	89	16	95	46	
34	74	68	61	80	71	83	29	20	3	92	78	32	59	60	7	6	87	49	18	33	52	16	85	37	68	16	20	40	27	99	39	8	6	97	2	75	57	88	90	20	27	24	22	56	89	29	77	36	22	
21	91	80	62	1	53	46	66	1	45	2	77	12	15	58	48	100	69	43	87	16	16	21	9	79	90	59	8	72	50	87	1	97	66	99	32	95	63	11	58	90	2	14	85	24	43	64	25	18	78	
30	95	56	46	14	4	44	90	93	83	66	18	17	30	46	61	83	89	76	49	56	85	9	21	77	61	67	52	53	65	80	18	20	80	58	72	53	22	33	41	2	100	4	98	36	44	64	81	64	92	
63	40	2	79	56	54	100	33	68	51	25	13	38	73	35	94	10	41	64	26	83	37	79	77	83	76	17	38	84	88	87	59	36	11	74	39	25	4	15	32	78	13	12	88	9	58	15	74	1	11	
67	40	96	92	5	11	20	54	21	68	50	23	17	26	65	6	39	20	33	96	23	68	90	61	76	4	72	80	89	2	23	23	16	72	57	53	77	29	91	2	57	73	82	86	67	11	95	27	68	30	
60	95	89	39	88	4	17	47	40	14	49	37	93	84	6	39	85	64	20	94	19	16	59	67	17	72	31	98	56	78	60	35	97	43	11	14	39	29	35	79	81	8	11	45	33	50	7	33	20	49	
41	6	52	44	90	41	43	77	92	28	98	98	94	21	1	91	77	62	26	77	41	20	8	52	38	80	98	64	78	76	93	28	38	86	63	46	54	81	31	89	89	54	89	94	73	50	84	93	77	32	
36	46	93	47	34	86	76	39	4	97	39	7	62	17	70	49	61	59	65	19	90	40	72	53	84	89	56	78	42	86	8	50	57	18	16	22	60	57	45	34	57	83	24	53	43	6	100	3	58	3	
70	94	46	81	11	100	66	47	6	50	34	80	87	72	74	52	92	59	61	84	41	27	50	65	88	2	78	76	86	5	8	56	37	65	37	89	6	42	31	59	90	78	62	14	88	88	71	53	18	8	
42	31	54	21	42	6	59	65	29	10	82	29	81	9	60	3	57	83	33	8	95	99	87	80	87	23	60	93	8	8	79	36	35	59	84	12	5	70	35	67	35	88	82	62	100	35	62	75	96	31	
29	85	40	39	83	92	100	95	30	36	41	17	83	99	16	96	85	80	39	5	44	39	1	18	59	23	35	28	50	56	36	42	94	67	78	73	46	24	56	90	44	8	46	56	48	43	31	52	34	98	
99	72	61	33	59	76	23	2	12	14	16	34	6	61	36	2	96	45	98	96	40	8	97	20	36	16	97	38	57	37	35	94	54	11	41	90	9	9	39	58	95	98	45	57	84	38	76	35	44	47	
44	3	80	77	71	63	34	26	43	36	16	14	46	20	51	81	13	53	27	5	55	6	66	80	11	72	43	86	18	65	59	67	11	60	10	62	27	94	49	58	99	58	99	48	72	29	90	33	26	93	
36	82	78	23	41	27	92	24	35	87	66	56	95	87	96	12	1	3	37	41	4	97	99	58	74	57	11	63	16	37	84	78	41	10	55	99	61	78	23	79	85	49	97	87	20	31	52	38	86	57	
67	2	91	73	67	73	90	42	32	66	71	42	25	36	59	36	41	1	69	55	19	2	32	72	39	53	14	46	22	89	12	73	90	62	99	98	74	86	83	95	17	69	46	32	28	12	29	47	76	71	
50	88	19	17	89	59	38	47	14	4	86	85	52	28	63	59	23	83	32	99	13	75	95	53	25	77	39	54	60	6	5	46	9	27	61	74	12	61	48	41	94	79	33	76	48	27	57	37	90	23	
16	29	40	39	99	24	58	99	95	73	39	77	59	34	77	8	19	16	73	27	71	57	63	22	4	29	29	81	57	42	70	24	9	94	78	86	61	1	80	53	33	52	19	17	61	24	67	83	77	96	
88	30	3	33	78	79	97	46	86	97	53	66	98	68	58	48	8	25	6	44	40	88	11	33	15	91	35	31	45	31	35	56	39	49	23	83	48	80	43	32	10	11	97	44	97	4	4	36	91	45	
63	78	71	88	99	25	99	48	93	44	7	5	17	64	25	14	88	14	39	21	56	90	58	41	32	2	79	89	34	59	67	90	58	58	79	95	41	53	32	48	45	76	48	12	64	63	17	47	78	69	
18	13	30	73	16	25	60	97	85	75	52	91	62	77	71	43	25	65	27	59	24	20	90	2	78	57	81	89	57	90	35	44	95	99	85	17	94	33	10	45	99	84	9	41	47	14	96	8	17	67	
65	87	69	43	32	48	46	57	42	76	82	97	11	2	70	80	21	52	53	82	21	27	2	100	13	73	8	54	83	78	88	8	98	58	49	69	79	52	11	76	84	47	9	37	22	15	47	31	23	35	
5	92	34	14	5	6	72	79	4	68	11	57	18	62	4	13	8	40	71	61	29	24	14	4	12	82	11	89	24	62	82	46	45	99	97	46	33	19	97	48	9	9	49	91	14	6	88	76	84	37	
71	79	49	35	50	37	53	5	43	2	7	81	96	78	23	11	21	77	58	3	95	22	85	98	88	86	45	94	53	14	62	56	57	48	87	32	76	17	44	12	41	37	91	97	79	24	83	64	50	94	
45	86	36	64	78	2	89	10	50	15	90	64	74	79	4	63	41	56	68	42	11	56	24	36	9	67	33	73	43	88	100	48	84	72	20	28	48	61	97	64	47	22	14	79	73	21	8	39	2	36	
20	84	25	26	64	75	4	9	90	92	43	89	78	6	23	96	18	92	6	84	76	89	43	44	58	11	50	50	6	88	35	43	38	29	31	12	27	24	4	63	14	15	6	24	21	11	7	82	40	57	
15	35	81	93	4	23	25	40	88	3	85	50	23	98	94	29	88	52	67	76	89	29	64	64	15	95	7	84	100	71	62	31	76	90	52	29	57	67	4	17	96	47	88	83	8	7	9	92	37	89	
100	25	75	71	5	44	57	92	52	76	91	100	86	20	25	100	60	37	45	45	16	77	25	81	74	27	33	93	3	53	75	52	35	33	38	47	37	83	36	47	8	31	76	64	39	82	92	74	95	97	
29	88	40	92	9	67	27	10	2	5	96	71	28	14	83	60	43	51	77	11	95	36	18	64	1	68	20	77	58	18	96	34	44	26	86	76	90	77	91	78	17	23	84	50	2	40	37	95	71	92	
49	35	87	17	11	54	26	3	64	46	79	81	29	36	3	27	77	17	96	29	46	22	78	92	11	30	49	32	3	8	31	98	47	93	57	71	23	96	45	69	67	35	37	94	36	57	89	97	92	9	
