50
1581
78	95	27	70	6	50	63	82	39	21	35	2	29	65	5	86	41	49	83	80	67	33	71	49	20	10	84	13	56	85	48	89	91	31	49	25	89	34	26	97	93	34	3	100	62	42	36	56	91	68	
67	86	83	18	15	94	1	19	9	5	14	72	27	69	82	9	7	35	89	29	61	40	10	7	3	89	28	23	61	70	8	18	74	93	7	74	73	74	18	87	38	25	31	78	49	42	36	88	58	59	
86	28	74	22	68	21	5	6	21	71	16	86	46	67	99	70	15	87	37	81	99	27	18	33	55	56	68	95	32	69	2	22	32	95	12	71	54	77	62	82	14	81	52	47	86	22	28	29	58	68	
83	74	72	58	66	96	85	92	2	99	69	94	42	91	95	42	25	10	90	44	30	64	63	91	10	79	47	19	58	30	85	31	91	78	10	67	40	85	43	31	63	89	83	88	40	13	35	29	48	7	
18	22	58	96	38	54	99	71	10	52	7	55	89	50	91	60	59	86	59	29	86	95	45	47	52	77	12	28	11	5	72	20	29	96	25	100	8	29	9	27	25	33	78	81	66	98	54	61	52	56	
15	68	66	38	99	16	14	22	63	95	75	92	37	50	89	33	68	5	9	32	33	95	89	76	74	19	85	41	49	48	48	5	26	100	43	89	64	61	97	53	1	2	44	18	10	57	64	94	19	83	
94	21	96	54	16	11	71	59	25	88	51	48	22	100	14	6	35	71	81	27	51	80	86	33	78	64	94	95	85	41	97	92	67	50	35	59	26	54	18	38	21	62	54	74	8	83	6	64	84	72	
1	5	85	99	14	71	19	3	33	48	72	42	5	69	48	17	16	59	6	71	1	3	68	56	9	46	55	57	25	94	53	81	51	69	89	94	90	87	73	28	46	88	84	47	10	39	72	90	89	26	
19	6	92	71	22	59	3	55	68	33	95	31	25	59	6	60	41	9	28	9	44	41	11	42	3	42	31	25	52	77	40	38	14	57	78	78	52	21	52	52	27	97	95	76	89	8	11	21	21	91	
9	21	2	10	63	25	33	68	3	80	74	28	84	4	81	3	48	30	23	20	24	48	78	57	84	76	55	58	6	62	57	13	12	77	1	62	5	75	36	15	35	2	37	2	69	22	53	37	20	65	
5	71	99	52	95	88	48	33	80	39	61	73	20	95	75	16	48	11	82	69	21	90	30	68	95	9	4	62	96	48	31	34	98	13	99	30	21	88	57	49	22	57	18	31	50	53	54	53	40	36	
14	16	69	7	75	51	72	95	74	61	15	14	82	55	63	9	78	72	30	10	64	87	27	90	66	19	18	13	21	74	3	77	41	43	45	46	78	71	15	23	40	41	24	3	16	40	22	2	18	66	
72	86	94	55	92	48	42	31	28	73	14	53	45	94	48	13	74	90	26	3	93	74	96	62	85	32	62	45	15	38	49	34	89	56	77	3	1	1	85	50	15	93	1	40	9	3	16	81	43	32	
27	46	42	89	37	22	5	25	84	20	82	45	59	2	9	63	81	59	89	53	90	100	35	63	71	24	97	57	20	64	9	16	84	79	61	45	99	96	48	41	9	5	82	29	19	64	24	92	28	43	
69	67	91	50	50	100	69	59	4	95	55	94	2	32	21	42	42	83	28	62	83	54	5	3	52	59	82	39	36	64	34	32	49	56	36	77	77	47	47	100	19	75	45	76	66	37	23	8	37	69	
82	99	95	91	89	14	48	6	81	75	63	48	9	21	37	5	18	85	88	11	45	98	40	74	67	2	21	43	8	3	57	82	69	26	70	20	87	20	19	84	38	56	82	6	40	51	65	19	63	78	
9	70	42	60	33	6	17	60	3	16	9	13	63	42	5	34	13	42	20	83	88	48	66	26	48	16	24	56	37	20	72	27	86	87	29	40	47	26	53	42	41	50	76	8	44	11	93	4	44	5	
7	15	25	59	68	35	16	41	48	48	78	74	81	42	18	13	7	25	72	25	75	35	21	97	48	67	23	92	95	27	15	96	90	89	58	42	74	66	60	7	79	20	100	58	92	86	5	29	77	71	
35	87	10	86	5	71	59	9	30	11	72	90	59	83	85	42	25	8	71	89	2	30	3	94	47	33	52	58	32	75	62	68	37	52	53	2	96	15	79	97	81	83	57	63	2	100	22	98	94	56	
89	37	90	59	9	81	6	28	23	82	30	26	89	28	88	20	72	71	1	1	97	50	10	55	97	76	74	76	69	28	74	96	73	19	98	75	7	73	78	48	70	95	94	45	76	82	91	23	54	52	
29	81	44	29	32	27	71	9	20	69	10	3	53	62	11	83	25	89	1	34	29	7	97	61	98	94	68	61	14	92	31	52	17	85	11	36	52	38	22	57	61	80	41	3	72	92	7	91	98	57	
61	99	30	86	33	51	1	44	24	21	64	93	90	83	45	88	75	2	97	29	30	66	80	59	29	98	42	82	95	11	91	76	91	71	96	76	92	96	33	6	93	86	25	61	61	61	37	76	50	55	
40	27	64	95	95	80	3	41	48	90	87	74	100	54	98	48	35	30	50	7	66	1	11	38	94	32	99	59	2	19	86	19	61	38	64	24	90	42	1	27	1	27	57	56	41	9	92	55	53	100	
10	18	63	45	89	86	68	11	78	30	27	96	35	5	40	66	21	3	10	97	80	11	75	35	57	78	91	44	2	76	96	78	1	13	68	24	29	68	45	74	84	60	61	46	70	9	33	7	79	15	
7	33	91	47	76	33	56	42	57	68	90	62	63	3	74	26	97	94	55	61	59	38	35	46	11	100	85	25	82	43	40	84	39	24	32	72	50	33	44	44	56	41	55	33	54	15	30	68	39	88	
3	55	10	52	74	78	9	3	84	95	66	85	71	52	67	48	48	47	97	98	29	94	57	11	19	50	34	59	77	29	68	91	53	63	13	38	1	73	98	59	40	22	52	71	33	32	30	35	88	64	
89	56	79	77	19	64	46	42	76	9	19	32	24	59	2	16	67	33	76	94	98	32	78	100	50	31	39	42	66	43	88	6	42	100	22	8	21	39	54	27	23	51	29	11	6	87	41	67	32	10	
28	68	47	12	85	94	55	31	55	4	18	62	97	82	21	24	23	52	74	68	42	99	91	85	34	39	37	90	50	10	95	92	45	71	16	56	78	23	82	25	46	16	47	100	19	21	3	12	26	88	
23	95	19	28	41	95	57	25	58	62	13	45	57	39	43	56	92	58	76	61	82	59	44	25	59	42	90	88	73	91	87	95	46	68	84	60	72	34	62	79	39	42	40	17	44	32	85	42	36	95	
61	32	58	11	49	85	25	52	6	96	21	15	20	36	8	37	95	32	69	14	95	2	2	82	77	66	50	73	7	12	31	30	43	9	5	87	70	63	63	97	30	82	65	15	97	60	53	15	70	90	
70	69	30	5	48	41	94	77	62	48	74	38	64	64	3	20	27	75	28	92	11	19	76	43	29	43	10	91	12	54	62	62	78	1	43	31	38	59	44	63	42	1	2	66	4	62	79	22	13	24	
8	2	85	72	48	97	53	40	57	31	3	49	9	34	57	72	15	62	74	31	91	86	96	40	68	88	95	87	31	62	14	95	85	18	61	93	24	27	16	65	62	94	62	90	68	89	1	89	72	92	
18	22	31	20	5	92	81	38	13	34	77	34	16	32	82	27	96	68	96	52	76	19	78	84	91	6	92	95	30	62	95	26	50	60	20	10	32	77	65	13	67	59	43	7	29	10	33	6	24	34	
74	32	91	29	26	67	51	14	12	98	41	89	84	49	69	86	90	37	73	17	91	61	1	39	53	42	45	46	43	78	85	50	29	65	28	51	6	13	32	11	37	54	45	48	8	73	52	41	40	31	
93	95	78	96	100	50	69	57	77	13	43	56	79	56	26	87	89	52	19	85	71	38	13	24	63	100	71	68	9	1	18	60	65	52	49	28	79	77	49	22	15	79	4	88	36	65	70	3	42	50	
7	12	10	25	43	35	89	78	1	99	45	77	61	36	70	29	58	53	98	11	96	64	68	32	13	22	16	84	5	43	61	20	28	49	7	11	59	37	29	74	40	88	60	20	13	9	87	39	50	40	
74	71	67	100	89	59	94	78	62	30	46	3	45	77	20	40	42	2	75	36	76	24	24	72	38	8	56	60	87	31	93	10	51	28	11	18	40	84	34	77	51	72	33	7	44	6	44	53	14	81	
73	54	40	8	64	26	90	52	5	21	78	1	99	77	87	47	74	96	7	52	92	90	29	50	1	21	78	72	70	38	24	32	6	79	59	40	46	90	27	100	14	69	86	96	71	37	25	87	7	59	
74	77	85	29	61	54	87	21	75	88	71	1	96	47	20	26	66	15	73	38	96	42	68	33	73	39	23	34	63	59	27	77	13	77	37	84	90	65	29	36	14	7	92	50	42	66	75	32	17	56	
18	62	43	9	97	18	73	52	36	57	15	85	48	47	19	53	60	79	78	22	33	1	45	44	98	54	82	62	63	44	16	65	32	49	29	34	27	29	3	71	38	58	84	78	96	88	83	70	35	59	
87	82	31	27	53	38	28	52	15	49	23	50	41	100	84	42	7	97	48	57	6	27	74	44	59	27	25	79	97	63	65	13	11	22	74	77	100	36	71	19	80	13	59	4	51	43	20	19	59	73	
38	14	63	25	1	21	46	27	35	22	40	15	9	19	38	41	79	81	70	61	93	1	84	56	40	23	46	39	30	42	62	67	37	15	40	51	14	14	38	80	98	50	24	90	12	45	61	2	62	80	
25	81	89	33	2	62	88	97	2	57	41	93	5	75	56	50	20	83	95	80	86	27	60	41	22	51	16	42	82	1	94	59	54	79	88	72	69	7	58	13	50	17	32	9	55	65	45	40	32	64	
31	52	83	78	44	54	84	95	37	18	24	1	82	45	82	76	100	57	94	41	25	57	61	55	52	29	47	40	65	2	62	43	45	4	60	33	86	92	84	59	24	32	70	59	56	63	82	1	35	44	
78	47	88	81	18	74	47	76	2	31	3	40	29	76	6	8	58	63	45	3	61	56	46	33	71	11	100	17	15	66	90	7	48	88	20	7	96	50	78	4	90	9	59	61	60	72	55	28	69	13	
49	86	40	66	10	8	10	89	69	50	16	9	19	66	40	44	92	2	76	72	61	41	70	54	33	6	19	44	97	4	68	29	8	36	13	44	71	42	96	51	12	55	56	60	26	87	14	68	19	40	
42	22	13	98	57	83	39	8	22	53	40	3	64	37	51	11	86	100	82	92	61	9	9	15	32	87	21	32	60	62	89	10	73	65	9	6	37	66	88	43	45	65	63	72	87	75	50	96	19	15	
36	28	35	54	64	6	72	11	53	54	22	16	24	23	65	93	5	22	91	7	37	92	33	30	30	41	3	85	53	79	1	33	52	70	87	44	25	75	83	20	61	45	82	55	14	50	53	89	3	85	
88	29	29	61	94	64	90	21	37	53	2	81	92	8	19	4	29	98	23	91	76	55	7	68	35	67	12	42	15	22	89	6	41	3	39	53	87	32	70	19	2	40	1	28	68	96	89	51	54	74	
58	58	48	52	19	84	89	21	20	40	18	43	28	37	63	44	77	94	54	98	50	53	79	39	88	32	26	36	70	13	72	24	40	42	50	14	7	17	35	59	62	32	35	69	19	19	3	54	4	63	
59	68	7	56	83	72	26	91	65	36	66	32	43	69	78	5	71	56	52	57	55	100	15	88	64	10	88	95	90	24	92	34	31	50	40	81	59	56	59	73	80	64	44	13	40	15	85	74	63	68	
