50
1192
13	12	81	65	13	40	5	4	90	88	28	78	2	98	98	2	11	21	8	34	48	34	71	48	35	67	86	30	65	80	43	12	1	75	49	12	77	50	47	81	53	59	17	33	51	24	32	46	93	69	
25	10	21	69	11	19	94	27	60	31	64	75	9	99	6	29	99	84	21	7	83	63	23	47	44	67	61	79	41	34	42	63	72	82	38	60	12	12	59	88	97	10	86	96	39	42	94	79	33	58	
10	89	39	16	28	2	50	57	73	46	18	43	61	31	65	18	83	31	82	21	23	45	48	75	87	21	15	81	68	89	40	75	78	48	98	9	46	46	89	42	28	52	59	71	1	23	95	26	91	35	
21	39	57	41	35	20	36	10	73	84	11	70	82	12	7	51	49	65	17	40	71	91	35	84	7	65	68	41	8	58	25	27	96	96	75	70	24	97	87	83	1	90	81	55	93	99	87	36	57	33	
69	16	41	97	56	92	79	25	35	92	46	94	63	91	94	83	91	10	11	99	18	22	71	84	8	26	68	66	12	27	13	78	43	21	49	60	31	44	37	86	69	27	83	23	90	77	2	20	28	90	
11	28	35	56	78	24	82	72	63	12	9	15	9	81	56	1	84	87	46	91	13	69	40	13	80	76	4	84	89	93	19	7	58	14	90	12	76	48	86	79	8	74	33	15	97	89	81	56	36	5	
19	2	20	92	24	56	46	37	10	39	76	85	91	25	39	24	4	100	98	89	58	66	23	11	88	47	66	49	81	97	82	94	83	34	44	34	41	80	85	6	77	48	35	39	78	73	46	4	44	39	
94	50	36	79	82	46	27	37	87	21	64	85	8	61	71	89	98	93	48	72	93	59	4	94	42	61	84	61	37	54	59	89	46	48	47	9	67	32	71	95	44	16	91	71	67	61	13	81	24	56	
27	57	10	25	72	37	37	35	88	88	35	72	54	19	95	78	89	64	12	46	23	13	9	16	35	34	82	4	84	97	92	51	43	2	83	43	66	65	75	94	90	32	17	25	31	87	94	44	17	88	
60	73	73	35	63	10	87	88	12	8	62	6	48	28	59	14	62	96	89	98	27	42	13	54	66	78	64	78	45	57	27	27	29	6	92	83	59	88	88	8	53	65	83	76	19	4	34	30	56	45	
31	46	84	92	12	39	21	88	8	4	94	8	60	86	80	4	56	51	40	75	69	11	1	82	48	89	8	51	42	72	19	32	66	24	21	44	26	100	26	79	10	25	15	72	11	27	98	43	82	12	
64	18	11	46	9	76	64	35	62	94	20	99	67	36	98	87	84	89	12	10	92	23	63	94	20	28	95	45	38	48	61	70	13	8	78	72	33	31	64	83	3	76	43	60	14	66	31	85	67	96	
75	43	70	94	15	85	85	72	6	8	99	36	85	70	73	78	57	1	36	46	21	83	38	23	48	7	41	77	1	58	4	86	93	11	30	97	85	25	60	36	48	13	13	17	89	21	49	70	52	13	
9	61	82	63	9	91	8	54	48	60	67	85	13	52	51	54	50	81	42	67	36	15	5	65	59	25	43	51	65	21	28	47	47	20	10	64	54	18	62	40	90	70	40	1	97	8	1	45	42	2	
99	31	12	91	81	25	61	19	28	86	36	70	52	89	88	25	79	39	56	82	90	34	72	3	24	53	40	18	21	36	66	21	72	53	94	99	50	68	41	72	69	21	70	93	90	52	65	10	77	26	
6	65	7	94	56	39	71	95	59	80	98	73	51	88	13	82	91	92	34	41	31	33	33	72	48	34	76	20	11	57	39	3	38	34	3	73	39	70	31	75	6	66	83	64	45	32	45	72	72	59	
29	18	51	83	1	24	89	78	14	4	87	78	54	25	82	12	69	12	25	88	13	59	4	10	93	21	50	31	69	86	62	68	49	97	36	61	1	94	68	24	17	23	53	7	4	56	16	23	66	83	
99	83	49	91	84	4	98	89	62	56	84	57	50	79	91	69	27	31	55	17	11	69	85	99	43	76	12	10	96	75	40	70	28	29	95	65	42	68	70	6	18	22	65	96	27	60	59	79	10	80	
84	31	65	10	87	100	93	64	96	51	89	1	81	39	92	12	31	15	20	40	74	13	23	47	88	63	84	22	31	65	25	68	36	68	72	86	51	57	92	6	15	12	21	58	18	77	42	38	65	6	
21	82	17	11	46	98	48	12	89	40	12	36	42	56	34	25	55	20	19	16	70	79	24	35	43	39	15	37	24	96	25	26	6	67	2	11	28	26	42	93	14	11	12	29	33	25	46	54	74	85	
7	21	40	99	91	89	72	46	98	75	10	46	67	82	41	88	17	40	16	22	1	59	66	75	87	22	90	45	40	97	98	89	14	44	38	11	15	94	89	44	37	93	66	71	48	20	89	20	2	22	
83	23	71	18	13	58	93	23	27	69	92	21	36	90	31	13	11	74	70	1	73	24	18	30	84	36	4	18	87	19	46	97	32	59	7	69	28	73	55	62	4	86	62	62	56	86	34	3	13	24	
63	45	91	22	69	66	59	13	42	11	23	83	15	34	33	59	69	13	79	59	24	50	43	89	36	18	97	27	100	75	60	48	34	15	55	67	97	38	34	32	31	17	59	81	96	37	54	35	78	7	
23	48	35	71	40	23	4	9	13	1	63	38	5	72	33	4	85	23	24	66	18	43	98	51	89	22	5	81	44	17	45	86	65	15	13	60	75	64	60	43	73	28	87	53	97	4	74	16	9	79	
47	75	84	84	13	11	94	16	54	82	94	23	65	3	72	10	99	47	35	75	30	89	51	53	58	86	26	88	83	22	11	17	42	22	60	49	54	6	63	32	89	83	23	78	22	94	10	35	28	34	
44	87	7	8	80	88	42	35	66	48	20	48	59	24	48	93	43	88	43	87	84	36	89	58	98	72	21	94	61	20	49	91	25	93	64	45	78	91	2	40	70	68	34	49	2	20	49	2	59	32	
67	21	65	26	76	47	61	34	78	89	28	7	25	53	34	21	76	63	39	22	36	18	22	86	72	42	25	88	43	22	11	73	28	63	52	91	90	10	3	84	24	15	48	77	88	7	38	62	91	40	
61	15	68	68	4	66	84	82	64	8	95	41	43	40	76	50	12	84	15	90	4	97	5	26	21	25	9	27	94	48	87	69	52	55	48	58	21	25	19	29	27	53	90	97	70	69	6	51	38	10	
79	81	41	66	84	49	61	4	78	51	45	77	51	18	20	31	10	22	37	45	18	27	81	88	94	88	27	9	12	20	88	69	53	38	92	93	5	46	82	45	1	44	54	78	91	59	97	66	93	79	
41	68	8	12	89	81	37	84	45	42	38	1	65	21	11	69	96	31	24	40	87	100	44	83	61	43	94	12	46	90	1	28	89	87	87	43	65	34	47	4	93	80	47	47	82	20	61	84	22	1	
34	89	58	27	93	97	54	97	57	72	48	58	21	36	57	86	75	65	96	97	19	75	17	22	20	22	48	20	90	66	9	93	25	34	26	42	87	65	38	93	15	66	17	86	16	30	78	21	79	24	
42	40	25	13	19	82	59	92	27	19	61	4	28	66	39	62	40	25	25	98	46	60	45	11	49	11	87	88	1	9	26	71	40	42	63	35	63	44	42	21	12	7	43	44	98	11	95	90	20	28	
63	75	27	78	7	94	89	51	27	32	70	86	47	21	3	68	70	68	26	89	97	48	86	17	91	73	69	69	28	93	71	71	4	44	3	55	63	81	28	41	32	13	42	48	27	1	16	34	5	22	
72	78	96	43	58	83	46	43	29	66	13	93	47	72	38	49	28	36	6	14	32	34	65	42	25	28	52	53	89	25	40	4	31	53	96	30	93	71	92	95	65	45	66	72	87	39	23	62	69	84	
82	48	96	21	14	34	48	2	6	24	8	11	20	53	34	97	29	68	67	44	59	15	15	22	93	63	55	38	87	34	42	44	53	68	72	53	26	96	63	5	30	23	61	67	99	80	56	84	66	46	
38	98	75	49	90	44	47	83	92	21	78	30	10	94	3	36	95	72	2	38	7	55	13	60	64	52	48	92	87	26	63	3	96	72	38	92	98	79	54	72	42	89	64	23	97	8	54	47	44	34	
60	9	70	60	12	34	9	43	83	44	72	97	64	99	73	61	65	86	11	11	69	67	60	49	45	91	58	93	43	42	35	55	30	53	92	85	31	23	83	39	24	16	18	75	6	71	6	18	41	62	
12	46	24	31	76	41	67	66	59	26	33	85	54	50	39	1	42	51	28	15	28	97	75	54	78	90	21	5	65	87	63	63	93	26	98	31	62	88	6	75	10	19	12	24	77	89	18	49	53	93	
12	46	97	44	48	80	32	65	88	100	31	25	18	68	70	94	68	57	26	94	73	38	64	6	91	10	25	46	34	65	44	81	71	96	79	23	88	54	93	21	87	2	90	9	22	56	60	68	73	64	
59	89	87	37	86	85	71	75	88	26	64	60	62	41	31	68	70	92	42	89	55	34	60	63	2	3	19	82	47	38	42	28	92	63	54	83	6	93	91	2	77	85	68	13	96	64	62	21	10	67	
88	42	83	86	79	6	95	94	8	79	83	36	40	72	75	24	6	6	93	44	62	32	43	32	40	84	29	45	4	93	21	41	95	5	72	39	75	21	2	42	54	38	23	19	71	36	70	39	2	70	
97	28	1	69	8	77	44	90	53	10	3	48	90	69	6	17	18	15	14	37	4	31	73	89	70	24	27	1	93	15	12	32	65	30	42	24	10	87	77	54	21	28	62	4	48	17	29	68	32	62	
10	52	90	27	74	48	16	32	65	25	76	13	70	21	66	23	22	12	11	93	86	17	28	83	68	15	53	44	80	66	7	13	45	23	89	16	19	2	85	38	28	10	84	57	23	51	89	94	70	48	
86	59	81	83	33	35	91	17	83	15	43	13	40	70	83	53	65	21	12	66	62	59	87	23	34	48	90	54	47	17	43	42	66	61	64	18	12	90	68	23	62	84	6	46	7	50	38	76	98	78	
96	71	55	23	15	39	71	25	76	72	60	17	1	93	64	7	96	58	29	71	62	81	53	78	49	77	97	78	47	86	44	48	72	67	23	75	24	9	13	19	4	57	46	16	72	56	36	36	31	33	
39	1	93	90	97	78	67	31	19	11	14	89	97	90	45	4	27	18	33	48	56	96	97	22	2	88	70	91	82	16	98	27	87	99	97	6	77	22	96	71	48	23	7	72	43	34	71	26	34	76	
42	23	99	77	89	73	61	87	4	27	66	21	8	52	32	56	60	77	25	20	86	37	4	94	20	7	69	59	20	30	11	1	39	80	8	71	89	56	64	36	17	51	50	56	34	89	35	19	91	20	
94	95	87	2	81	46	13	94	34	98	31	49	1	65	45	16	59	42	46	89	34	54	74	10	49	38	6	97	61	78	95	16	23	56	54	6	18	60	62	70	29	89	38	36	71	35	88	32	25	26	
79	26	36	20	56	4	81	44	30	43	85	70	45	10	72	23	79	38	54	20	3	35	16	35	2	62	51	66	84	21	90	34	62	84	47	18	49	68	21	39	68	94	76	36	26	19	32	97	43	74	
33	91	57	28	36	44	24	17	56	82	67	52	42	77	72	66	10	65	74	2	13	78	9	28	59	91	38	93	22	79	20	5	69	66	44	41	53	73	10	2	32	70	98	31	34	91	25	43	84	47	
58	35	33	90	5	39	56	88	45	12	96	13	2	26	59	83	80	6	85	22	24	7	79	34	32	40	10	79	1	24	28	22	84	46	34	62	93	64	67	70	62	48	78	33	76	20	26	74	47	84	
