50
1159
95	29	24	52	38	45	63	46	73	66	37	2	64	3	57	11	79	6	84	62	30	20	89	80	3	76	22	35	74	23	90	98	79	68	13	36	96	48	70	2	2	48	57	65	95	19	98	100	51	3	
55	70	95	68	28	74	14	45	49	73	65	13	38	71	99	31	60	94	21	61	12	7	69	15	58	83	47	55	84	4	67	39	75	64	7	25	25	38	17	78	85	14	68	26	87	29	100	20	67	74	
70	69	18	58	94	92	90	51	7	14	88	13	76	19	62	80	54	68	66	3	39	63	70	46	63	93	50	88	34	60	45	59	46	28	62	35	71	27	5	7	79	85	49	2	60	92	15	75	31	7	
95	18	97	84	9	6	25	13	37	94	71	82	51	89	15	63	9	20	91	27	15	92	68	95	100	87	39	41	3	17	65	76	59	65	84	48	57	66	68	92	70	67	60	84	73	90	55	86	57	95	
68	58	84	9	100	94	12	69	81	49	7	77	83	34	40	66	23	28	27	55	95	22	81	14	68	12	49	82	100	58	39	22	1	70	10	79	100	52	3	83	14	42	26	47	15	100	88	68	47	4	
28	94	9	100	51	37	75	27	79	87	73	81	90	66	27	33	7	78	88	67	21	55	94	90	85	98	88	25	51	57	72	61	56	54	64	86	17	66	97	35	22	5	83	2	88	90	75	18	21	4	
74	92	6	94	37	27	78	4	84	74	52	54	56	23	33	48	18	21	14	20	1	42	75	19	26	3	74	25	87	72	88	65	38	52	79	8	40	41	57	62	57	60	33	26	35	35	68	89	63	44	
14	90	25	12	75	78	43	24	79	52	52	23	47	12	44	19	67	96	71	80	10	21	87	68	7	15	81	10	35	17	56	81	67	34	40	20	76	26	89	23	91	16	29	38	79	100	12	6	74	10	
45	51	13	69	27	4	24	82	98	2	41	99	62	13	37	3	65	1	29	86	92	70	83	59	86	43	56	32	26	30	38	62	76	19	45	60	14	84	80	85	66	17	53	95	51	75	25	19	15	86	
49	7	37	81	79	84	79	98	28	19	52	73	72	53	71	95	36	13	13	34	38	5	2	79	22	7	32	37	99	32	93	59	76	24	28	97	1	90	71	90	68	62	6	80	69	94	53	87	23	95	
73	14	94	49	87	74	52	2	19	24	7	16	75	88	84	13	8	60	80	21	11	29	75	96	87	76	65	82	33	37	95	82	36	64	50	89	5	84	11	13	95	37	76	6	17	1	70	74	9	23	
65	88	71	7	73	52	52	41	52	7	11	96	78	13	34	78	6	81	87	14	83	42	44	99	37	60	1	96	49	56	47	99	34	61	13	95	13	46	22	64	98	59	65	16	44	15	46	43	79	71	
13	13	82	77	81	54	23	99	73	16	96	80	35	97	91	28	68	85	52	56	91	10	33	20	39	42	51	40	62	28	80	42	10	60	88	90	56	48	84	80	49	63	40	78	24	90	91	11	74	86	
38	76	51	83	90	56	47	62	72	75	78	35	90	92	50	18	60	96	53	2	71	39	35	83	18	19	18	11	35	22	3	81	6	49	87	64	81	24	14	92	45	69	29	67	6	92	5	60	46	86	
71	19	89	34	66	23	12	13	53	88	13	97	92	73	92	8	7	70	43	79	91	32	60	94	45	62	37	13	38	86	49	91	27	32	5	96	92	79	82	5	19	24	88	44	36	53	67	41	98	44	
99	62	15	40	27	33	44	37	71	84	34	91	50	92	17	93	11	8	60	42	76	82	8	58	87	50	33	83	9	80	23	98	37	5	97	77	57	23	93	40	89	69	11	25	83	86	79	61	51	73	
31	80	63	66	33	48	19	3	95	13	78	28	18	8	93	26	49	88	32	19	91	2	88	46	43	58	40	28	86	97	65	79	41	91	10	68	30	16	10	19	10	25	62	63	11	91	80	29	2	63	
60	54	9	23	7	18	67	65	36	8	6	68	60	7	11	49	7	49	88	37	6	44	40	9	93	37	100	74	77	58	81	66	16	51	70	100	94	7	67	58	90	17	90	3	84	89	53	100	86	25	
94	68	20	28	78	21	96	1	13	60	81	85	96	70	8	88	49	56	53	17	72	74	82	77	8	8	95	20	53	96	98	36	27	10	87	67	33	74	94	9	42	23	47	45	43	5	13	67	36	3	
21	66	91	27	88	14	71	29	13	80	87	52	53	43	60	32	88	53	89	17	33	43	9	7	90	29	98	44	75	69	91	42	10	14	65	42	97	74	83	68	77	75	69	79	82	45	18	97	89	65	
61	3	27	55	67	20	80	86	34	21	14	56	2	79	42	19	37	17	17	69	78	9	71	97	23	34	98	65	12	5	81	39	50	93	73	15	28	66	21	60	4	7	96	98	32	75	84	94	65	32	
12	39	15	95	21	1	10	92	38	11	83	91	71	91	76	91	6	72	33	78	81	72	13	82	38	98	86	48	97	79	12	48	1	97	10	67	66	55	68	40	52	84	93	77	47	63	58	94	34	47	
7	63	92	22	55	42	21	70	5	29	42	10	39	32	82	2	44	74	43	9	72	64	100	62	84	54	95	76	58	18	97	43	60	30	95	67	79	85	83	49	74	17	56	95	31	8	2	43	51	40	
69	70	68	81	94	75	87	83	2	75	44	33	35	60	8	88	40	82	9	71	13	100	3	50	94	84	82	81	60	63	23	58	77	41	93	7	90	48	29	9	45	88	31	54	43	33	66	64	19	70	
15	46	95	14	90	19	68	59	79	96	99	20	83	94	58	46	9	77	7	97	82	62	50	19	56	85	53	15	5	50	70	100	91	20	48	95	36	46	95	24	34	18	73	25	10	32	21	77	27	92	
58	63	100	68	85	26	7	86	22	87	37	39	18	45	87	43	93	8	90	23	38	84	94	56	70	69	13	69	19	14	6	4	63	97	3	15	92	8	66	11	79	10	12	53	77	3	30	25	98	62	
83	93	87	12	98	3	15	43	7	76	60	42	19	62	50	58	37	8	29	34	98	54	84	85	69	63	60	77	94	69	4	69	54	42	64	97	22	20	63	17	3	100	19	45	88	75	5	10	97	28	
47	50	39	49	88	74	81	56	32	65	1	51	18	37	33	40	100	95	98	98	86	95	82	53	13	60	23	83	92	34	27	36	29	79	28	37	20	83	31	85	74	83	20	50	39	55	95	56	31	15	
55	88	41	82	25	25	10	32	37	82	96	40	11	13	83	28	74	20	44	65	48	76	81	15	69	77	83	67	55	35	29	16	26	84	15	21	14	70	68	24	92	28	58	59	65	20	87	67	66	82	
84	34	3	100	51	87	35	26	99	33	49	62	35	38	9	86	77	53	75	12	97	58	60	5	19	94	92	55	23	30	97	71	37	52	93	30	29	5	33	72	72	80	14	88	33	49	5	30	55	33	
4	60	17	58	57	72	17	30	32	37	56	28	22	86	80	97	58	96	69	5	79	18	63	50	14	69	34	35	30	24	53	33	31	3	67	24	11	72	36	75	17	57	29	85	61	99	11	53	52	63	
67	45	65	39	72	88	56	38	93	95	47	80	3	49	23	65	81	98	91	81	12	97	23	70	6	4	27	29	97	53	11	70	65	32	60	59	71	60	77	89	67	42	85	100	38	88	40	14	77	62	
39	59	76	22	61	65	81	62	59	82	99	42	81	91	98	79	66	36	42	39	48	43	58	100	4	69	36	16	71	33	70	80	30	55	38	88	30	3	1	17	24	90	46	80	83	37	17	32	56	22	
75	46	59	1	56	38	67	76	76	36	34	10	6	27	37	41	16	27	10	50	1	60	77	91	63	54	29	26	37	31	65	30	41	57	99	80	16	62	36	18	25	8	100	22	34	59	100	67	90	9	
64	28	65	70	54	52	34	19	24	64	61	60	49	32	5	91	51	10	14	93	97	30	41	20	97	42	79	84	52	3	32	55	57	81	70	80	71	32	4	31	89	94	95	90	81	24	23	6	46	31	
7	62	84	10	64	79	40	45	28	50	13	88	87	5	97	10	70	87	65	73	10	95	93	48	3	64	28	15	93	67	60	38	99	70	42	67	81	39	36	78	69	33	89	69	22	10	54	49	82	34	
25	35	48	79	86	8	20	60	97	89	95	90	64	96	77	68	100	67	42	15	67	67	7	95	15	97	37	21	30	24	59	88	80	80	67	85	14	62	19	73	9	6	28	11	40	97	64	57	12	27	
25	71	57	100	17	40	76	14	1	5	13	56	81	92	57	30	94	33	97	28	66	79	90	36	92	22	20	14	29	11	71	30	16	71	81	14	86	22	62	21	30	71	45	22	56	55	43	41	42	38	
38	27	66	52	66	41	26	84	90	84	46	48	24	79	23	16	7	74	74	66	55	85	48	46	8	20	83	70	5	72	60	3	62	32	39	62	22	59	59	57	3	40	79	17	81	47	47	92	40	8	
17	5	68	3	97	57	89	80	71	11	22	84	14	82	93	10	67	94	83	21	68	83	29	95	66	63	31	68	33	36	77	1	36	4	36	19	62	59	46	21	20	2	26	27	40	27	93	72	91	74	
78	7	92	83	35	62	23	85	90	13	64	80	92	5	40	19	58	9	68	60	40	49	9	24	11	17	85	24	72	75	89	17	18	31	78	73	21	57	21	85	4	82	6	40	69	12	69	55	15	67	
85	79	70	14	22	57	91	66	68	95	98	49	45	19	89	10	90	42	77	4	52	74	45	34	79	3	74	92	72	17	67	24	25	89	69	9	30	3	20	4	35	16	23	7	32	49	62	56	55	90	
14	85	67	42	5	60	16	17	62	37	59	63	69	24	69	25	17	23	75	7	84	17	88	18	10	100	83	28	80	57	42	90	8	94	33	6	71	40	2	82	16	69	51	93	19	34	8	37	36	2	
68	49	60	26	83	33	29	53	6	76	65	40	29	88	11	62	90	47	69	96	93	56	31	73	12	19	20	58	14	29	85	46	100	95	89	28	45	79	26	6	23	51	79	70	99	44	28	30	73	37	
26	2	84	47	2	26	38	95	80	6	16	78	67	44	25	63	3	45	79	98	77	95	54	25	53	45	50	59	88	85	100	80	22	90	69	11	22	17	27	40	7	93	70	37	4	30	34	80	24	45	
87	60	73	15	88	35	79	51	69	17	44	24	6	36	83	11	84	43	82	32	47	31	43	10	77	88	39	65	33	61	38	83	34	81	22	40	56	81	40	69	32	19	99	4	55	63	50	34	9	84	
29	92	90	100	90	35	100	75	94	1	15	90	92	53	86	91	89	5	45	75	63	8	33	32	3	75	55	20	49	99	88	37	59	24	10	97	55	47	27	12	49	34	44	30	63	95	49	16	26	41	
100	15	55	88	75	68	12	25	53	70	46	91	5	67	79	80	53	13	18	84	58	2	66	21	30	5	95	87	5	11	40	17	100	23	54	64	43	47	93	69	62	8	28	34	50	49	7	8	78	98	
20	75	86	68	18	89	6	19	87	74	43	11	60	41	61	29	100	67	97	94	94	43	64	77	25	10	56	67	30	53	14	32	67	6	49	57	41	92	72	55	56	37	30	80	34	16	8	70	39	86	
67	31	57	47	21	63	74	15	23	9	79	74	46	98	51	2	86	36	89	65	34	51	19	27	98	97	31	66	55	52	77	56	90	46	82	12	42	40	91	15	55	36	73	24	9	26	78	39	80	19	
74	7	95	4	4	44	10	86	95	23	71	86	86	44	73	63	25	3	65	32	47	40	70	92	62	28	15	82	33	63	62	22	9	31	34	27	38	8	74	67	90	2	37	45	84	41	98	86	19	41	
