50
1315
69	95	69	10	49	86	57	78	94	36	100	92	8	42	14	73	28	13	70	60	19	49	45	57	89	7	1	32	47	39	82	47	12	58	12	62	13	42	90	46	9	72	83	6	8	42	39	47	16	69	
57	65	54	94	16	61	86	22	93	55	45	20	98	83	14	75	89	61	55	68	71	40	17	74	92	78	6	20	92	47	19	65	3	65	63	76	3	11	68	49	68	34	72	77	61	1	96	75	82	47	
65	55	20	89	25	32	33	34	14	61	9	57	12	82	70	14	87	65	28	29	8	9	39	40	40	55	81	31	3	72	75	7	86	5	96	5	14	94	39	88	19	36	61	60	23	85	77	1	47	81	
54	20	56	22	95	98	73	83	36	55	73	8	96	87	57	42	40	3	4	32	31	1	56	25	23	82	63	97	22	65	83	15	35	71	9	22	6	90	83	36	51	82	27	89	1	18	4	84	68	57	
94	89	22	64	18	17	36	27	3	38	38	76	23	72	51	47	100	65	47	9	6	96	91	25	54	21	13	35	5	61	64	7	72	35	11	79	1	37	68	45	51	19	48	59	13	58	17	61	100	56	
16	25	95	18	38	17	23	87	7	49	80	25	63	37	80	26	40	42	44	61	45	40	10	3	11	18	69	96	94	65	32	75	14	18	83	55	35	5	84	53	18	15	38	37	84	40	46	13	46	100	
61	32	98	17	17	21	74	46	66	88	88	10	20	5	66	43	90	18	58	75	97	1	65	99	46	24	20	15	64	21	45	78	22	9	55	32	17	64	22	37	64	48	1	56	37	62	67	64	74	59	
86	33	73	36	23	74	58	88	47	27	4	3	97	91	81	60	63	45	49	37	91	85	72	4	92	85	4	66	83	62	85	21	48	95	92	6	44	8	47	8	54	94	84	27	17	52	82	1	23	93	
22	34	83	27	87	46	88	44	83	60	98	7	69	31	62	71	39	100	56	31	37	11	1	69	10	11	86	2	27	10	48	33	68	4	56	58	18	67	50	70	7	53	27	5	88	92	69	11	14	32	
93	14	36	3	7	66	47	83	45	39	52	18	32	32	5	4	62	10	30	40	26	26	44	75	22	82	51	19	82	43	24	60	43	89	48	99	37	61	33	73	28	92	49	33	18	65	17	6	56	19	
55	61	55	38	49	88	27	60	39	50	81	66	10	82	47	65	53	43	76	49	46	7	58	78	30	71	30	1	91	63	25	74	16	40	22	89	57	3	62	13	67	61	74	83	27	73	66	24	59	91	
45	9	73	38	80	88	4	98	52	81	21	5	31	54	40	6	82	17	5	80	20	95	26	56	35	57	18	45	11	8	27	10	21	18	29	22	46	20	13	39	63	64	100	33	12	6	83	79	93	47	
20	57	8	76	25	10	3	7	18	66	5	62	4	82	3	7	53	31	63	57	45	87	7	67	45	40	47	16	82	46	49	18	17	8	74	65	50	2	20	7	58	92	49	38	11	29	17	83	12	43	
98	12	96	23	63	20	97	69	32	10	31	4	24	76	8	34	73	50	90	90	70	77	81	47	11	6	78	29	77	56	53	67	76	96	28	52	8	54	70	98	91	36	86	29	74	70	97	70	71	68	
83	82	87	72	37	5	91	31	32	82	54	82	76	87	76	16	16	40	88	57	50	64	4	88	31	5	28	74	72	83	62	75	11	10	100	13	51	66	86	31	88	14	21	95	67	82	66	90	68	70	
14	70	57	51	80	66	81	62	5	47	40	3	8	76	62	34	71	63	83	41	26	64	51	49	11	91	49	90	7	17	32	13	20	39	69	61	54	64	48	46	83	48	46	12	56	87	73	10	82	96	
75	14	42	47	26	43	60	71	4	65	6	7	34	16	34	28	50	3	32	1	28	66	73	78	80	30	92	74	61	66	15	75	81	20	17	47	33	82	24	38	94	65	94	18	37	87	47	84	88	92	
89	87	40	100	40	90	63	39	62	53	82	53	73	16	71	50	96	69	28	23	66	51	97	8	55	50	46	68	29	31	85	42	99	45	7	71	4	28	3	8	59	15	61	42	8	94	1	81	43	85	
61	65	3	65	42	18	45	100	10	43	17	31	50	40	63	3	69	54	1	80	54	36	60	18	54	84	94	95	85	42	13	29	11	37	11	98	29	30	53	47	28	5	37	13	53	79	51	86	32	89	
55	28	4	47	44	58	49	56	30	76	5	63	90	88	83	32	28	1	56	30	51	33	13	24	92	81	76	30	40	61	4	89	49	25	96	91	51	4	73	44	41	36	12	10	19	33	74	20	39	50	
68	29	32	9	61	75	37	31	40	49	80	57	90	57	41	1	23	80	30	18	3	71	95	42	50	89	3	89	33	58	20	91	38	21	92	31	66	86	4	25	21	67	22	54	87	20	46	64	30	10	
71	8	31	6	45	97	91	37	26	46	20	45	70	50	26	28	66	54	51	3	52	41	64	67	53	68	95	90	37	86	34	59	92	79	89	26	75	43	53	79	70	46	27	10	10	64	60	61	52	54	
40	9	1	96	40	1	85	11	26	7	95	87	77	64	64	66	51	36	33	71	41	93	96	92	40	66	86	28	58	66	68	92	92	70	61	74	35	7	53	40	81	24	64	30	94	16	82	85	41	50	
17	39	56	91	10	65	72	1	44	58	26	7	81	4	51	73	97	60	13	95	64	96	91	79	18	23	62	44	96	29	79	75	28	3	88	63	75	27	8	84	47	23	34	17	73	99	65	65	29	50	
74	40	25	25	3	99	4	69	75	78	56	67	47	88	49	78	8	18	24	42	67	92	79	44	80	30	59	17	55	29	69	34	81	31	24	18	3	75	56	36	37	85	60	37	42	49	86	14	5	45	
92	40	23	54	11	46	92	10	22	30	35	45	11	31	11	80	55	54	92	50	53	40	18	80	8	29	93	3	4	95	17	31	46	49	72	54	70	45	65	100	36	75	59	6	50	47	9	45	82	90	
78	55	82	21	18	24	85	11	82	71	57	40	6	5	91	30	50	84	81	89	68	66	23	30	29	23	30	65	95	52	37	35	8	58	98	68	49	38	54	75	98	76	25	56	75	53	52	40	46	23	
6	81	63	13	69	20	4	86	51	30	18	47	78	28	49	92	46	94	76	3	95	86	62	59	93	30	85	54	89	94	11	83	58	7	11	47	23	39	36	15	66	33	67	37	14	78	97	37	37	34	
20	31	97	35	96	15	66	2	19	1	45	16	29	74	90	74	68	95	30	89	90	28	44	17	3	65	54	40	20	56	62	28	90	99	23	43	67	7	94	65	49	61	29	36	47	38	90	19	85	60	
92	3	22	5	94	64	83	27	82	91	11	82	77	72	7	61	29	85	40	33	37	58	96	55	4	95	89	20	23	60	22	51	19	53	62	55	29	37	63	5	16	13	73	70	17	9	59	37	33	38	
47	72	65	61	65	21	62	10	43	63	8	46	56	83	17	66	31	42	61	58	86	66	29	29	95	52	94	56	60	95	28	39	60	52	64	10	74	34	19	88	46	66	51	45	30	80	48	63	71	82	
19	75	83	64	32	45	85	48	24	25	27	49	53	62	32	15	85	13	4	20	34	68	79	69	17	37	11	62	22	28	3	88	5	82	84	23	51	66	52	60	58	67	57	5	54	21	18	3	51	51	
65	7	15	7	75	78	21	33	60	74	10	18	67	75	13	75	42	29	89	91	59	92	75	34	31	35	83	28	51	39	88	95	73	51	17	58	91	53	38	69	77	10	97	83	37	20	66	32	5	48	
3	86	35	72	14	22	48	68	43	16	21	17	76	11	20	81	99	11	49	38	92	92	28	81	46	8	58	90	19	60	5	73	48	55	6	11	57	14	86	7	71	21	12	83	45	30	81	71	65	35	
65	5	71	35	18	9	95	4	89	40	18	8	96	10	39	20	45	37	25	21	79	70	3	31	49	58	7	99	53	52	82	51	55	88	1	88	76	39	45	66	80	57	82	53	78	27	18	77	14	47	
63	96	9	11	83	55	92	56	48	22	29	74	28	100	69	17	7	11	96	92	89	61	88	24	72	98	11	23	62	64	84	17	6	1	41	53	79	2	30	44	13	38	49	4	20	37	3	40	86	61	
76	5	22	79	55	32	6	58	99	89	22	65	52	13	61	47	71	98	91	31	26	74	63	18	54	68	47	43	55	10	23	58	11	88	53	9	69	79	85	26	94	10	95	45	44	100	86	89	93	95	
3	14	6	1	35	17	44	18	37	57	46	50	8	51	54	33	4	29	51	66	75	35	75	3	70	49	23	67	29	74	51	91	57	76	79	69	97	29	75	33	22	83	43	20	90	31	32	21	3	91	
11	94	90	37	5	64	8	67	61	3	20	2	54	66	64	82	28	30	4	86	43	7	27	75	45	38	39	7	37	34	66	53	14	39	2	79	29	15	10	12	88	15	12	22	92	18	93	41	84	36	
68	39	83	68	84	22	47	50	33	62	13	20	70	86	48	24	3	53	73	4	53	53	8	56	65	54	36	94	63	19	52	38	86	45	30	85	75	10	7	92	16	75	40	71	42	32	63	33	36	24	
49	88	36	45	53	37	8	70	73	13	39	7	98	31	46	38	8	47	44	25	79	40	84	36	100	75	15	65	5	88	60	69	7	66	44	26	33	12	92	26	81	79	78	11	74	61	2	63	26	73	
68	19	51	51	18	64	54	7	28	67	63	58	91	88	83	94	59	28	41	21	70	81	47	37	36	98	66	49	16	46	58	77	71	80	13	94	22	88	16	81	47	76	72	29	17	73	47	83	14	74	
34	36	82	19	15	48	94	53	92	61	64	92	36	14	48	65	15	5	36	67	46	24	23	85	75	76	33	61	13	66	67	10	21	57	38	10	83	15	75	79	76	3	18	27	15	49	54	85	45	1	
72	61	27	48	38	1	84	27	49	74	100	49	86	21	46	94	61	37	12	22	27	64	34	60	59	25	67	29	73	51	57	97	12	82	49	95	43	12	40	78	72	18	95	78	61	59	13	37	86	3	
77	60	89	59	37	56	27	5	33	83	33	38	29	95	12	18	42	13	10	54	10	30	17	37	6	56	37	36	70	45	5	83	83	53	4	45	20	22	71	11	29	27	78	2	81	13	52	68	10	33	
61	23	1	13	84	37	17	88	18	27	12	11	74	67	56	37	8	53	19	87	10	94	73	42	50	75	14	47	17	30	54	37	45	78	20	44	90	92	42	74	17	15	61	81	2	17	10	76	86	33	
1	85	18	58	40	62	52	92	65	73	6	29	70	82	87	87	94	79	33	20	64	16	99	49	47	53	78	38	9	80	21	20	30	27	37	100	31	18	32	61	73	49	59	13	17	100	21	19	23	55	
96	77	4	17	46	67	82	69	17	66	83	17	97	66	73	47	1	51	74	46	60	82	65	86	9	52	97	90	59	48	18	66	81	18	3	86	32	93	63	2	47	54	13	52	10	21	12	8	8	6	
75	1	84	61	13	64	1	11	6	24	79	83	70	90	10	84	81	86	20	64	61	85	65	14	45	40	37	19	37	63	3	32	71	77	40	89	21	41	33	63	83	85	37	68	76	19	8	77	29	42	
82	47	68	100	46	74	23	14	56	59	93	12	71	68	82	88	43	32	39	30	52	41	29	5	82	46	37	85	33	71	51	5	65	14	86	93	3	84	36	26	14	45	86	10	86	23	8	29	46	42	
47	81	57	56	100	59	93	32	19	91	47	43	68	70	96	92	85	89	50	10	54	50	50	45	90	23	34	60	38	82	51	48	35	47	61	95	91	36	24	73	74	1	3	33	33	55	6	42	42	96	
