50
1334
18	77	49	29	48	28	26	63	41	65	12	9	45	4	54	37	64	53	55	97	52	95	22	43	39	75	82	81	92	98	55	59	45	63	35	41	1	18	3	41	87	47	37	78	94	32	79	13	60	92	
42	54	55	96	61	82	96	66	37	88	56	45	77	79	51	88	54	53	95	88	8	96	53	42	91	17	43	12	70	14	42	13	67	6	11	80	67	66	57	46	2	61	99	27	29	70	48	51	67	15	
54	73	51	26	89	37	49	98	14	95	24	51	76	10	40	58	15	76	88	71	20	80	71	77	95	29	77	28	8	91	53	20	20	88	39	3	58	71	92	84	78	47	43	73	31	34	90	67	93	67	
55	51	37	97	28	90	44	32	61	12	1	30	9	83	1	58	74	97	55	32	6	30	52	59	97	66	29	11	33	40	77	85	93	44	71	15	69	86	67	45	77	24	40	98	96	4	14	21	90	55	
96	26	97	43	8	43	59	64	63	70	9	90	97	96	83	35	28	90	20	86	89	16	52	39	96	76	100	71	98	77	10	39	5	8	78	35	90	76	64	53	53	83	63	62	53	68	32	58	20	31	
61	89	28	8	2	55	15	5	17	27	77	29	51	62	92	67	76	75	90	64	16	61	36	88	81	21	89	22	49	63	15	60	77	63	98	34	74	67	32	24	79	24	67	97	43	17	92	97	74	49	
82	37	90	43	55	38	90	39	44	75	75	82	88	33	48	45	33	86	24	31	72	22	31	43	82	33	12	7	37	49	67	18	79	71	34	74	99	1	52	97	71	86	99	3	7	63	24	56	13	60	
96	49	44	59	15	90	69	23	24	86	14	43	86	24	69	77	85	10	96	61	31	97	81	58	57	16	19	78	30	29	100	70	44	1	62	1	76	19	56	62	1	10	26	66	98	42	79	96	86	82	
66	98	32	64	5	39	23	93	25	80	85	92	55	2	22	82	56	90	9	70	81	42	47	57	61	51	10	33	3	12	60	41	71	59	29	76	95	100	83	24	85	22	39	47	16	57	16	61	18	31	
37	14	61	63	17	44	24	25	67	33	75	46	38	1	99	24	29	6	2	74	59	22	64	79	20	27	22	88	84	93	75	33	97	43	36	54	11	52	31	19	22	8	95	41	96	68	42	73	24	40	
88	95	12	70	27	75	86	80	33	15	23	71	46	89	31	96	37	60	65	56	73	57	49	59	38	5	51	1	93	43	75	10	62	60	38	99	47	94	86	28	26	59	15	48	36	35	68	95	35	28	
56	24	1	9	77	75	14	85	75	23	9	29	83	1	87	32	83	9	4	94	93	87	77	3	48	17	26	30	69	82	45	71	83	86	71	74	36	55	9	43	47	11	21	14	21	16	36	14	57	52	
45	51	30	90	29	82	43	92	46	71	29	41	42	21	75	31	22	91	5	63	18	76	87	11	9	92	5	96	90	34	96	45	59	76	27	71	57	39	34	93	22	76	63	13	10	89	6	32	54	7	
77	76	9	97	51	88	86	55	38	46	83	42	92	75	58	74	30	51	14	90	12	1	67	46	22	53	34	49	53	38	90	17	53	63	81	100	61	40	84	54	97	40	6	45	88	52	50	99	33	74	
79	10	83	96	62	33	24	2	1	89	1	21	75	81	52	75	26	27	100	3	88	19	38	41	53	32	58	88	7	1	41	49	74	75	73	33	98	36	26	80	93	14	37	11	69	36	86	99	55	65	
51	40	1	83	92	48	69	22	99	31	87	75	58	52	64	82	10	49	21	6	6	84	78	91	49	19	84	62	80	18	41	21	16	54	14	72	2	73	99	48	20	25	34	81	19	78	53	91	9	75	
88	58	58	35	67	45	77	82	24	96	32	31	74	75	82	82	39	97	1	2	99	63	46	39	73	77	1	60	91	12	79	87	72	69	91	19	3	28	87	10	70	37	45	81	68	92	33	74	26	82	
54	15	74	28	76	33	85	56	29	37	83	22	30	26	10	39	20	22	16	44	29	17	90	83	27	51	63	96	43	99	70	2	91	7	6	63	99	1	97	27	13	6	48	94	87	94	46	93	58	49	
53	76	97	90	75	86	10	90	6	60	9	91	51	27	49	97	22	11	92	77	43	40	3	83	92	60	31	94	16	60	11	51	55	77	91	83	20	78	97	13	23	54	95	20	10	52	79	1	65	29	
95	88	55	20	90	24	96	9	2	65	4	5	14	100	21	1	16	92	65	83	95	97	42	84	30	19	54	14	16	79	78	18	43	62	55	80	62	55	27	72	85	88	86	94	66	64	1	79	84	80	
88	71	32	86	64	31	61	70	74	56	94	63	90	3	6	2	44	77	83	81	28	95	54	74	55	38	76	59	34	93	9	60	42	44	42	56	70	18	85	53	84	92	33	67	97	85	71	9	65	63	
8	20	6	89	16	72	31	81	59	73	93	18	12	88	6	99	29	43	95	28	79	59	83	74	42	36	38	4	92	52	27	96	71	46	11	14	51	7	55	47	83	39	57	12	6	51	84	97	100	65	
96	80	30	16	61	22	97	42	22	57	87	76	1	19	84	63	17	40	97	95	59	16	73	58	20	85	48	70	86	67	6	90	91	71	18	44	23	34	1	74	91	8	23	94	65	35	14	82	55	17	
53	71	52	52	36	31	81	47	64	49	77	87	67	38	78	46	90	3	42	54	83	73	77	64	91	97	17	100	71	61	18	42	62	71	92	33	48	8	85	89	4	74	82	59	78	17	16	99	71	60	
42	77	59	39	88	43	58	57	79	59	3	11	46	41	91	39	83	83	84	74	74	58	64	76	100	81	42	65	83	14	72	19	87	53	44	59	79	21	37	49	24	79	10	12	36	57	9	27	4	60	
91	95	97	96	81	82	57	61	20	38	48	9	22	53	49	73	27	92	30	55	42	20	91	100	80	50	88	38	40	40	44	53	31	57	97	43	87	8	70	88	11	76	61	23	36	26	47	39	46	44	
17	29	66	76	21	33	16	51	27	5	17	92	53	32	19	77	51	60	19	38	36	85	97	81	50	77	47	42	46	21	37	88	65	41	26	1	33	46	6	22	19	8	87	62	70	67	86	81	81	36	
43	77	29	100	89	12	19	10	22	51	26	5	34	58	84	1	63	31	54	76	38	48	17	42	88	47	45	27	63	36	7	34	48	77	29	65	61	82	47	29	81	7	68	82	72	78	31	19	21	70	
12	28	11	71	22	7	78	33	88	1	30	96	49	88	62	60	96	94	14	59	4	70	100	65	38	42	27	18	35	37	56	81	22	51	97	96	92	26	21	67	7	100	93	86	49	37	89	14	72	27	
70	8	33	98	49	37	30	3	84	93	69	90	53	7	80	91	43	16	16	34	92	86	71	83	40	46	63	35	75	96	31	83	54	96	21	16	2	31	35	8	11	85	80	78	85	50	76	45	55	87	
14	91	40	77	63	49	29	12	93	43	82	34	38	1	18	12	99	60	79	93	52	67	61	14	40	21	36	37	96	4	67	49	89	10	26	20	55	37	46	21	26	14	56	26	33	89	87	69	60	27	
42	53	77	10	15	67	100	60	75	75	45	96	90	41	41	79	70	11	78	9	27	6	18	72	44	37	7	56	31	67	47	73	95	100	52	19	65	50	20	64	6	66	67	45	27	63	33	37	40	67	
13	20	85	39	60	18	70	41	33	10	71	45	17	49	21	87	2	51	18	60	96	90	42	19	53	88	34	81	83	49	73	69	58	21	42	4	40	46	72	61	78	74	36	33	46	45	9	13	13	34	
67	20	93	5	77	79	44	71	97	62	83	59	53	74	16	72	91	55	43	42	71	91	62	87	31	65	48	22	54	89	95	58	96	77	8	65	17	7	76	57	6	18	99	2	21	89	1	68	87	60	
6	88	44	8	63	71	1	59	43	60	86	76	63	75	54	69	7	77	62	44	46	71	71	53	57	41	77	51	96	10	100	21	77	79	76	70	31	45	66	32	23	19	100	87	68	60	74	67	21	98	
11	39	71	78	98	34	62	29	36	38	71	27	81	73	14	91	6	91	55	42	11	18	92	44	97	26	29	97	21	26	52	42	8	76	98	11	34	70	92	55	75	3	7	33	94	56	1	51	92	71	
80	3	15	35	34	74	1	76	54	99	74	71	100	33	72	19	63	83	80	56	14	44	33	59	43	1	65	96	16	20	19	4	65	70	11	23	88	71	73	70	28	32	80	78	98	16	36	54	78	45	
67	58	69	90	74	99	76	95	11	47	36	57	61	98	2	3	99	20	62	70	51	23	48	79	87	33	61	92	2	55	65	40	17	31	34	88	20	1	82	58	79	35	14	6	18	34	52	21	41	37	
66	71	86	76	67	1	19	100	52	94	55	39	40	36	73	28	1	78	55	18	7	34	8	21	8	46	82	26	31	37	50	46	7	45	70	71	1	82	26	73	98	4	55	37	86	52	15	31	58	82	
57	92	67	64	32	52	56	83	31	86	9	34	84	26	99	87	97	97	27	85	55	1	85	37	70	6	47	21	35	46	20	72	76	66	92	73	82	26	4	13	46	61	41	57	93	75	91	73	7	85	
46	84	45	53	24	97	62	24	19	28	43	93	54	80	48	10	27	13	72	53	47	74	89	49	88	22	29	67	8	21	64	61	57	32	55	70	58	73	13	15	50	50	18	35	63	39	8	15	16	81	
2	78	77	53	79	71	1	85	22	26	47	22	97	93	20	70	13	23	85	84	83	91	4	24	11	19	81	7	11	26	6	78	6	23	75	28	79	98	46	50	70	40	34	93	92	92	13	35	4	21	
61	47	24	83	24	86	10	22	8	59	11	76	40	14	25	37	6	54	88	92	39	8	74	79	76	8	7	100	85	14	66	74	18	19	3	32	35	4	61	50	40	43	90	38	67	82	55	89	27	7	
99	43	40	63	67	99	26	39	95	15	21	63	6	37	34	45	48	95	86	33	57	23	82	10	61	87	68	93	80	56	67	36	99	100	7	80	14	55	41	18	34	90	60	96	63	25	25	80	11	19	
27	73	98	62	97	3	66	47	41	48	14	13	45	11	81	81	94	20	94	67	12	94	59	12	23	62	82	86	78	26	45	33	2	87	33	78	6	37	57	35	93	38	96	23	88	66	92	43	60	77	
29	31	96	53	43	7	98	16	96	36	21	10	88	69	19	68	87	10	66	97	6	65	78	36	36	70	72	49	85	33	27	46	21	68	94	98	18	86	93	63	92	67	63	88	1	39	100	71	71	85	
70	34	4	68	17	63	42	57	68	35	16	89	52	36	78	92	94	52	64	85	51	35	17	57	26	67	78	37	50	89	63	45	89	60	56	16	34	52	75	39	92	82	25	66	39	54	31	55	35	97	
48	90	14	32	92	24	79	16	42	68	36	6	50	86	53	33	46	79	1	71	84	14	16	9	47	86	31	89	76	87	33	9	1	74	1	36	52	15	91	8	13	55	25	92	100	31	35	88	93	55	
51	67	21	58	97	56	96	61	73	95	14	32	99	99	91	74	93	1	79	9	97	82	99	27	39	81	19	14	45	69	37	13	68	67	51	54	21	31	73	15	35	89	80	43	71	55	88	16	47	80	
67	93	90	20	74	13	86	18	24	35	57	54	33	55	9	26	58	65	84	65	100	55	71	4	46	81	21	72	55	60	40	13	87	21	92	78	41	58	7	16	4	27	11	60	71	35	93	47	93	99	
15	67	55	31	49	60	82	31	40	28	52	7	74	65	75	82	49	29	80	63	65	17	60	60	44	36	70	27	87	27	67	34	60	98	71	45	37	82	85	81	21	7	19	77	85	97	55	80	99	75	
