50
1266
51	25	63	19	87	95	13	49	59	4	53	54	37	100	60	54	61	79	73	60	95	78	33	15	13	17	30	85	21	40	8	99	55	74	50	36	57	78	38	94	81	18	63	13	51	4	30	13	63	79	
61	56	96	55	23	69	73	56	79	19	32	73	63	4	99	69	7	17	99	94	99	74	15	18	44	19	26	5	4	83	37	1	26	41	27	89	92	31	25	55	17	12	81	18	4	87	18	5	73	51	
56	67	4	84	64	32	82	74	62	40	61	74	75	44	71	55	83	36	98	66	3	95	3	22	69	1	11	2	33	97	45	98	31	9	36	56	72	62	83	95	91	14	92	72	22	87	78	45	75	2	
96	4	15	45	30	26	14	47	18	3	85	97	89	83	77	40	68	87	11	57	69	58	12	91	39	100	80	60	52	22	93	20	45	32	30	85	63	44	45	88	40	97	44	28	51	71	25	45	95	79	
55	84	45	9	72	33	72	33	17	16	78	13	14	5	23	62	29	61	2	4	90	23	66	68	44	70	85	90	83	42	72	100	8	85	55	63	24	34	18	82	74	92	94	34	35	64	91	34	78	19	
23	64	30	72	97	5	68	66	58	60	84	46	53	84	64	26	5	47	55	68	9	57	45	80	36	8	56	74	66	14	43	66	19	27	28	33	32	29	69	72	64	5	74	41	19	7	14	13	15	6	
69	32	26	33	5	2	88	79	20	47	47	17	41	65	34	44	52	20	59	66	87	4	70	40	83	100	72	66	77	37	90	35	9	54	4	56	22	87	13	53	12	72	95	56	14	45	98	36	85	42	
73	82	14	72	68	88	44	5	85	65	94	85	84	99	98	31	55	63	97	56	45	70	15	67	46	93	65	3	4	3	94	4	58	94	42	94	99	91	93	44	4	96	94	1	77	23	4	25	47	83	
56	74	47	33	66	79	5	38	54	51	19	64	85	61	79	86	19	1	12	76	93	27	71	82	26	33	26	4	82	50	22	85	59	95	78	60	9	18	65	28	5	32	6	19	29	39	43	52	70	67	
79	62	18	17	58	20	85	54	92	43	3	63	47	81	52	37	35	72	86	73	50	67	98	36	46	30	65	100	22	20	70	44	50	73	70	38	87	23	27	49	99	1	78	60	43	5	30	85	8	86	
19	40	3	16	60	47	65	51	43	25	39	37	39	30	75	64	17	32	18	89	99	19	26	33	47	29	82	80	21	21	65	57	7	92	24	99	93	92	45	62	28	95	96	47	40	86	25	98	15	78	
32	61	85	78	84	47	94	19	3	39	6	86	96	18	23	13	91	54	9	61	6	98	96	2	17	40	3	55	75	8	100	53	58	63	23	48	65	98	80	59	99	93	93	36	89	50	63	89	8	87	
73	74	97	13	46	17	85	64	63	37	86	95	29	6	90	62	71	36	64	66	51	11	89	26	12	25	68	48	77	8	3	50	25	49	52	41	91	18	27	86	89	88	88	86	38	44	78	18	3	75	
63	75	89	14	53	41	84	85	47	39	96	29	25	74	27	85	68	68	38	80	79	85	14	34	41	80	66	62	12	90	28	50	51	92	29	21	57	12	91	56	28	6	77	31	36	85	70	18	47	91	
4	44	83	5	84	65	99	61	81	30	18	6	74	4	56	44	77	73	99	74	29	41	70	43	47	99	32	4	7	67	70	12	85	22	60	7	31	18	13	60	63	26	62	92	35	97	83	69	29	40	
99	71	77	23	64	34	98	79	52	75	23	90	27	56	43	10	6	100	31	97	94	46	98	61	68	88	1	40	53	29	29	57	93	33	41	73	92	62	43	94	63	69	35	78	26	56	10	29	89	24	
69	55	40	62	26	44	31	86	37	64	13	62	85	44	10	22	22	47	100	50	25	71	67	76	26	22	82	79	38	26	29	58	1	95	57	1	76	95	79	68	51	77	20	39	79	36	69	22	54	66	
7	83	68	29	5	52	55	19	35	17	91	71	68	77	6	22	59	56	10	59	89	45	49	70	81	44	12	82	36	72	74	24	68	38	83	34	36	1	87	46	44	14	3	37	88	19	61	63	25	47	
17	36	87	61	47	20	63	1	72	32	54	36	68	73	100	47	56	96	20	21	48	55	70	87	93	5	9	91	99	62	90	16	50	60	23	6	51	97	14	29	79	98	60	16	6	79	36	43	49	92	
99	98	11	2	55	59	97	12	86	18	9	64	38	99	31	100	10	20	99	79	7	1	85	69	87	88	69	8	57	3	79	28	43	45	31	87	27	62	34	33	100	97	92	86	69	99	96	50	6	88	
94	66	57	4	68	66	56	76	73	89	61	66	80	74	97	50	59	21	79	28	63	77	42	48	36	56	64	96	99	50	54	1	54	31	43	26	5	1	15	49	6	38	25	17	87	26	26	98	11	50	
99	3	69	90	9	87	45	93	50	99	6	51	79	29	94	25	89	48	7	63	13	34	51	100	69	64	90	45	32	8	99	77	58	82	71	95	21	65	53	17	96	24	94	90	13	45	34	7	66	39	
74	95	58	23	57	4	70	27	67	19	98	11	85	41	46	71	45	55	1	77	34	65	18	27	71	63	94	20	78	92	49	89	23	58	7	94	73	61	99	70	26	2	21	3	59	66	93	93	9	44	
15	3	12	66	45	70	15	71	98	26	96	89	14	70	98	67	49	70	85	42	51	18	64	2	7	64	87	43	19	6	74	92	84	42	98	25	50	65	67	22	3	61	95	36	88	47	31	25	58	86	
18	22	91	68	80	40	67	82	36	33	2	26	34	43	61	76	70	87	69	48	100	27	2	71	27	12	90	11	2	47	91	44	98	27	14	65	36	47	76	25	68	93	71	49	40	2	100	14	87	38	
44	69	39	44	36	83	46	26	46	47	17	12	41	47	68	26	81	93	87	36	69	71	7	27	6	86	57	83	95	93	34	30	1	11	50	49	67	29	18	60	81	22	59	50	75	26	97	55	21	90	
19	1	100	70	8	100	93	33	30	29	40	25	80	99	88	22	44	5	88	56	64	63	64	12	86	20	90	52	73	96	85	7	79	39	86	56	22	28	86	68	37	81	16	8	88	39	36	84	52	39	
26	11	80	85	56	72	65	26	65	82	3	68	66	32	1	82	12	9	69	64	90	94	87	90	57	90	3	87	75	67	58	78	57	51	92	20	99	98	89	59	69	41	21	63	83	64	54	30	56	29	
5	2	60	90	74	66	3	4	100	80	55	48	62	4	40	79	82	91	8	96	45	20	43	11	83	52	87	75	99	77	60	65	8	24	21	50	74	63	24	99	1	18	100	90	9	28	58	44	37	51	
4	33	52	83	66	77	4	82	22	21	75	77	12	7	53	38	36	99	57	99	32	78	19	2	95	73	75	99	38	97	34	33	36	50	49	23	97	3	21	96	83	15	80	99	88	14	62	69	31	44	
83	97	22	42	14	37	3	50	20	21	8	8	90	67	29	26	72	62	3	50	8	92	6	47	93	96	67	77	97	44	94	4	37	3	83	31	28	73	63	23	89	44	54	39	60	79	33	21	53	79	
37	45	93	72	43	90	94	22	70	65	100	3	28	70	29	29	74	90	79	54	99	49	74	91	34	85	58	60	34	94	81	85	13	8	52	23	49	49	32	79	63	38	31	96	22	10	24	30	47	11	
1	98	20	100	66	35	4	85	44	57	53	50	50	12	57	58	24	16	28	1	77	89	92	44	30	7	78	65	33	4	85	14	45	67	40	69	13	74	38	43	78	70	53	68	40	15	44	68	40	29	
26	31	45	8	19	9	58	59	50	7	58	25	51	85	93	1	68	50	43	54	58	23	84	98	1	79	57	8	36	37	13	45	59	58	70	86	23	61	35	77	91	96	26	49	52	16	60	28	47	37	
41	9	32	85	27	54	94	95	73	92	63	49	92	22	33	95	38	60	45	31	82	58	42	27	11	39	51	24	50	3	8	67	58	43	78	55	38	13	74	37	79	93	36	27	80	21	73	76	24	68	
27	36	30	55	28	4	42	78	70	24	23	52	29	60	41	57	83	23	31	43	71	7	98	14	50	86	92	21	49	83	52	40	70	78	96	6	50	26	74	27	75	42	11	12	84	76	87	12	95	69	
89	56	85	63	33	56	94	60	38	99	48	41	21	7	73	1	34	6	87	26	95	94	25	65	49	56	20	50	23	31	23	69	86	55	6	82	99	13	2	31	61	50	33	97	79	30	56	63	97	15	
92	72	63	24	32	22	99	9	87	93	65	91	57	31	92	76	36	51	27	5	21	73	50	36	67	22	99	74	97	28	49	13	23	38	50	99	42	61	51	57	46	42	39	62	92	35	81	46	4	73	
31	62	44	34	29	87	91	18	23	92	98	18	12	18	62	95	1	97	62	1	65	61	65	47	29	28	98	63	3	73	49	74	61	13	26	13	61	50	57	37	51	40	100	4	78	41	51	3	6	11	
25	83	45	18	69	13	93	65	27	45	80	27	91	13	43	79	87	14	34	15	53	99	67	76	18	86	89	24	21	63	32	38	35	74	74	2	51	57	93	83	41	31	94	43	9	92	83	68	18	28	
55	95	88	82	72	53	44	28	49	62	59	86	56	60	94	68	46	29	33	49	17	70	22	25	60	68	59	99	96	23	79	43	77	37	27	31	57	37	83	41	38	100	91	38	50	16	48	73	82	69	
17	91	40	74	64	12	4	5	99	28	99	89	28	63	63	51	44	79	100	6	96	26	3	68	81	37	69	1	83	89	63	78	91	79	75	61	46	51	41	38	96	95	44	30	65	59	13	38	20	16	
12	14	97	92	5	72	96	32	1	95	93	88	6	26	69	77	14	98	97	38	24	2	61	93	22	81	41	18	15	44	38	70	96	93	42	50	42	40	31	100	95	11	59	68	70	20	12	79	2	81	
81	92	44	94	74	95	94	6	78	96	93	88	77	62	35	20	3	60	92	25	94	21	95	71	59	16	21	100	80	54	31	53	26	36	11	33	39	100	94	91	44	59	60	37	55	94	98	96	88	80	
18	72	28	34	41	56	1	19	60	47	36	86	31	92	78	39	37	16	86	17	90	3	36	49	50	8	63	90	99	39	96	68	49	27	12	97	62	4	43	38	30	68	37	82	98	26	14	39	30	51	
4	22	51	35	19	14	77	29	43	40	89	38	36	35	26	79	88	6	69	87	13	59	88	40	75	88	83	9	88	60	22	40	52	80	84	79	92	78	9	50	65	70	55	98	23	93	81	5	71	86	
87	87	71	64	7	45	23	39	5	86	50	44	85	97	56	36	19	79	99	26	45	66	47	2	26	39	64	28	14	79	10	15	16	21	76	30	35	41	92	16	59	20	94	26	93	48	7	11	40	99	
18	78	25	91	14	98	4	43	30	25	63	78	70	83	10	69	61	36	96	26	34	93	31	100	97	36	54	58	62	33	24	44	60	73	87	56	81	51	83	48	13	12	98	14	81	7	81	53	50	13	
5	45	45	34	13	36	25	52	85	98	89	18	18	69	29	22	63	43	50	98	7	93	25	14	55	84	30	44	69	21	30	68	28	76	12	63	46	3	68	73	38	79	96	39	5	11	53	7	26	63	
73	75	95	78	15	85	47	70	8	15	8	3	47	29	89	54	25	49	6	11	66	9	58	87	21	52	56	37	31	53	47	40	47	24	95	97	4	6	18	82	20	2	88	30	71	40	50	26	61	52	
51	2	79	19	6	42	83	67	86	78	87	75	91	40	24	66	47	92	88	50	39	44	86	38	90	39	29	51	44	79	11	29	37	68	69	15	73	11	28	69	16	81	80	51	86	99	13	63	52	3	
