50
960
58	76	22	27	97	15	66	49	98	99	26	14	65	95	80	21	18	44	26	55	72	65	3	36	87	8	52	25	77	21	42	13	100	48	64	46	17	3	88	60	34	31	62	77	30	13	38	29	24	6	
64	67	34	33	1	91	37	20	65	72	64	31	69	62	53	54	41	84	80	25	7	86	58	9	50	100	77	39	66	93	28	81	1	59	22	88	12	21	8	71	36	31	60	72	30	7	30	97	84	95	
67	92	82	80	43	17	98	14	73	59	1	44	71	15	98	40	57	32	18	63	29	77	14	30	4	81	98	15	11	51	63	11	66	23	57	2	45	78	97	39	29	21	24	20	94	29	100	69	59	22	
34	82	97	44	98	3	8	28	31	8	49	92	83	27	45	42	11	53	66	56	44	13	80	77	58	62	73	62	76	34	11	61	87	49	45	75	71	81	50	7	40	65	13	98	11	43	98	61	35	6	
33	80	44	59	20	57	45	99	87	36	29	5	88	60	99	3	10	12	59	16	75	56	28	10	97	96	44	52	13	94	17	61	85	48	82	100	95	30	70	23	82	48	81	30	53	41	35	55	29	39	
1	43	98	20	23	27	98	41	100	11	21	22	1	37	77	69	76	8	43	87	31	33	23	25	16	92	57	64	77	96	41	42	80	69	20	19	14	83	38	50	11	42	36	2	61	43	24	60	25	19	
91	17	3	57	27	91	30	1	78	63	63	71	55	43	1	54	54	70	78	73	8	11	82	14	76	40	85	16	59	73	74	91	75	86	69	95	20	67	31	80	32	63	76	85	86	14	73	6	34	39	
37	98	8	45	98	30	29	54	73	62	30	10	85	26	2	37	80	91	97	6	43	84	84	3	49	91	76	100	26	79	93	63	21	27	53	77	29	20	36	37	92	42	83	77	75	15	69	30	90	8	
20	14	28	99	41	1	54	69	29	87	23	84	46	96	83	71	86	55	3	60	85	8	52	20	87	3	14	49	84	61	30	46	12	77	32	90	89	41	46	7	32	69	43	58	100	93	51	65	23	30	
65	73	31	87	100	78	73	29	67	44	21	30	73	1	46	73	51	55	88	24	74	53	56	53	13	69	38	38	30	37	78	26	15	30	25	77	69	75	34	23	29	58	61	85	1	1	18	52	22	23	
72	59	8	36	11	63	62	87	44	25	38	8	53	37	22	46	80	45	23	27	97	35	80	99	28	28	65	44	29	40	88	25	34	74	23	52	60	5	100	94	10	40	43	34	73	18	78	41	54	6	
64	1	49	29	21	63	30	23	21	38	61	27	59	6	9	72	64	37	80	97	11	99	11	74	65	90	1	64	84	49	6	67	12	53	32	56	67	44	30	51	26	48	66	14	51	53	60	38	86	24	
31	44	92	5	22	71	10	84	30	8	27	89	72	11	62	67	58	70	35	61	34	25	90	28	30	85	83	55	13	100	73	3	100	32	96	80	17	47	41	99	87	8	95	88	60	19	69	8	48	21	
69	71	83	88	1	55	85	46	73	53	59	72	76	96	92	88	27	52	59	59	24	85	9	51	68	65	70	27	73	69	19	64	87	76	90	52	27	79	78	30	11	48	41	13	43	2	13	99	19	61	
62	15	27	60	37	43	26	96	1	37	6	11	96	29	1	15	84	40	30	88	38	8	37	63	12	86	70	83	16	83	91	93	88	22	26	14	74	22	80	18	91	98	5	84	95	50	65	86	67	67	
53	98	45	99	77	1	2	83	46	22	9	62	92	1	53	91	10	65	93	45	32	82	76	73	75	43	81	37	96	24	38	20	77	29	76	66	57	11	62	58	27	97	89	88	48	97	52	5	59	75	
54	40	42	3	69	54	37	71	73	46	72	67	88	15	91	29	61	88	58	92	11	57	88	63	94	54	13	1	56	55	75	65	65	57	28	5	29	76	69	48	99	78	60	47	54	99	78	2	22	37	
41	57	11	10	76	54	80	86	51	80	64	58	27	84	10	61	62	86	54	10	59	20	20	75	30	26	85	11	50	24	45	95	72	46	75	72	55	4	38	24	64	50	53	41	31	14	54	25	96	18	
84	32	53	12	8	70	91	55	55	45	37	70	52	40	65	88	86	94	84	34	55	91	36	85	41	62	81	84	13	87	52	26	30	1	93	32	36	67	22	13	43	41	43	19	78	39	20	90	41	6	
80	18	66	59	43	78	97	3	88	23	80	35	59	30	93	58	54	84	64	19	79	84	43	72	21	51	21	47	6	60	94	31	21	13	20	24	95	14	64	43	52	97	83	81	39	81	7	29	42	72	
25	63	56	16	87	73	6	60	24	27	97	61	59	88	45	92	10	34	19	73	44	66	5	14	35	86	88	79	34	97	43	97	27	7	76	20	72	63	28	88	71	16	22	8	96	39	48	69	18	15	
7	29	44	75	31	8	43	85	74	97	11	34	24	38	32	11	59	55	79	44	61	13	73	42	39	54	88	9	78	50	25	18	56	52	18	24	9	35	41	54	19	55	35	18	22	25	73	66	82	53	
86	77	13	56	33	11	84	8	53	35	99	25	85	8	82	57	20	91	84	66	13	8	93	82	7	69	4	9	47	34	18	90	24	56	5	32	90	1	66	88	1	38	95	20	73	36	16	74	25	68	
58	14	80	28	23	82	84	52	56	80	11	90	9	37	76	88	20	36	43	5	73	93	75	63	36	68	31	58	98	17	5	33	89	75	42	20	11	53	39	69	39	74	43	43	73	13	61	3	62	14	
9	30	77	10	25	14	3	20	53	99	74	28	51	63	73	63	75	85	72	14	42	82	63	19	34	26	33	66	15	41	63	30	57	60	82	53	22	76	18	75	6	78	71	84	57	28	59	20	95	28	
50	4	58	97	16	76	49	87	13	28	65	30	68	12	75	94	30	41	21	35	39	7	36	34	87	74	32	27	84	94	45	2	28	48	1	95	42	6	28	90	48	46	46	86	64	47	28	93	78	47	
100	81	62	96	92	40	91	3	69	28	90	85	65	86	43	54	26	62	51	86	54	69	68	26	74	3	78	80	13	78	64	65	76	92	55	8	32	7	17	88	10	78	40	42	72	13	1	89	94	75	
77	98	73	44	57	85	76	14	38	65	1	83	70	70	81	13	85	81	21	88	88	4	31	33	32	78	68	51	94	52	51	72	53	19	66	32	52	53	39	19	65	14	39	36	74	11	78	16	43	3	
39	15	62	52	64	16	100	49	38	44	64	55	27	83	37	1	11	84	47	79	9	9	58	66	27	80	51	10	74	100	76	18	8	79	86	90	42	29	100	60	44	91	98	24	16	19	82	48	21	16	
66	11	76	13	77	59	26	84	30	29	84	13	73	16	96	56	50	13	6	34	78	47	98	15	84	13	94	74	64	14	19	75	2	61	2	93	27	74	22	85	74	43	69	55	31	54	73	21	24	16	
93	51	34	94	96	73	79	61	37	40	49	100	69	83	24	55	24	87	60	97	50	34	17	41	94	78	52	100	14	74	3	33	73	41	96	96	49	67	50	26	88	50	91	100	71	43	73	18	42	76	
28	63	11	17	41	74	93	30	78	88	6	73	19	91	38	75	45	52	94	43	25	18	5	63	45	64	51	76	19	3	18	49	8	62	50	37	9	47	34	26	65	61	20	87	54	39	90	9	30	8	
81	11	61	61	42	91	63	46	26	25	67	3	64	93	20	65	95	26	31	97	18	90	33	30	2	65	72	18	75	33	49	36	67	63	75	64	55	8	89	33	11	72	75	22	6	19	25	40	17	56	
1	66	87	85	80	75	21	12	15	34	12	100	87	88	77	65	72	30	21	27	56	24	89	57	28	76	53	8	2	73	8	67	77	5	82	83	67	65	36	45	60	66	89	29	56	2	94	4	71	15	
59	23	49	48	69	86	27	77	30	74	53	32	76	22	29	57	46	1	13	7	52	56	75	60	48	92	19	79	61	41	62	63	5	7	28	5	29	86	28	22	10	86	53	44	95	82	22	29	4	89	
22	57	45	82	20	69	53	32	25	23	32	96	90	26	76	28	75	93	20	76	18	5	42	82	1	55	66	86	2	96	50	75	82	28	55	75	51	68	30	32	78	75	90	89	5	6	49	26	96	46	
88	2	75	100	19	95	77	90	77	52	56	80	52	14	66	5	72	32	24	20	24	32	20	53	95	8	32	90	93	96	37	64	83	5	75	86	89	15	43	98	72	27	67	55	56	73	22	86	53	53	
12	45	71	95	14	20	29	89	69	60	67	17	27	74	57	29	55	36	95	72	9	90	11	22	42	32	52	42	27	49	9	55	67	29	51	89	22	24	76	77	70	80	11	52	53	65	70	64	28	95	
21	78	81	30	83	67	20	41	75	5	44	47	79	22	11	76	4	67	14	63	35	1	53	76	6	7	53	29	74	67	47	8	65	86	68	15	24	64	100	29	47	1	93	30	36	88	51	29	93	28	
8	97	50	70	38	31	36	46	34	100	30	41	78	80	62	69	38	22	64	28	41	66	39	18	28	17	39	100	22	50	34	89	36	28	30	43	76	100	75	92	84	16	55	39	45	22	34	27	14	42	
71	39	7	23	50	80	37	7	23	94	51	99	30	18	58	48	24	13	43	88	54	88	69	75	90	88	19	60	85	26	26	33	45	22	32	98	77	29	92	38	20	50	59	10	58	41	30	78	22	73	
36	29	40	82	11	32	92	32	29	10	26	87	11	91	27	99	64	43	52	71	19	1	39	6	48	10	65	44	74	88	65	11	60	10	78	72	70	47	84	20	45	64	49	53	90	90	83	68	81	70	
31	21	65	48	42	63	42	69	58	40	48	8	48	98	97	78	50	41	97	16	55	38	74	78	46	78	14	91	43	50	61	72	66	86	75	27	80	1	16	50	64	100	70	51	52	32	33	84	71	87	
60	24	13	81	36	76	83	43	61	43	66	95	41	5	89	60	53	43	83	22	35	95	43	71	46	40	39	98	69	91	20	75	89	53	90	67	11	93	55	59	49	70	98	65	42	7	68	6	73	17	
72	20	98	30	2	85	77	58	85	34	14	88	13	84	88	47	41	19	81	8	18	20	43	84	86	42	36	24	55	100	87	22	29	44	89	55	52	30	39	10	53	51	65	91	98	85	75	25	70	85	
30	94	11	53	61	86	75	100	1	73	51	60	43	95	48	54	31	78	39	96	22	73	73	57	64	72	74	16	31	71	54	6	56	95	5	56	53	36	45	58	90	52	42	98	67	38	36	100	22	24	
7	29	43	41	43	14	15	93	1	18	53	19	2	50	97	99	14	39	81	39	25	36	13	28	47	13	11	19	54	43	39	19	2	82	6	73	65	88	22	41	90	32	7	85	38	8	54	90	92	55	
30	100	98	35	24	73	69	51	18	78	60	69	13	65	52	78	54	20	7	48	73	16	61	59	28	1	78	82	73	73	90	25	94	22	49	22	70	51	34	30	83	33	68	75	36	54	72	96	59	69	
97	69	61	55	60	6	30	65	52	41	38	8	99	86	5	2	25	90	29	69	66	74	3	20	93	89	16	48	21	18	9	40	4	29	26	86	64	29	27	78	68	84	6	25	100	90	96	8	66	2	
84	59	35	29	25	34	90	23	22	54	86	48	19	67	59	22	96	41	42	18	82	25	62	95	78	94	43	21	24	42	30	17	71	4	96	53	28	93	14	22	81	71	73	70	22	92	59	66	4	93	
95	22	6	39	19	39	8	30	23	6	24	21	61	67	75	37	18	6	72	15	53	68	14	28	47	75	3	16	16	76	8	56	15	89	46	53	95	28	42	73	70	87	17	85	24	55	69	2	93	37	
