50
1355
34	57	31	31	22	61	52	77	56	60	25	22	98	99	34	89	78	65	86	37	1	91	96	52	92	32	72	13	97	20	41	65	47	57	46	72	20	15	9	78	82	2	1	98	11	90	23	13	20	5	
27	2	96	45	70	47	56	23	86	48	58	73	73	66	62	15	9	10	91	33	18	19	14	65	3	73	16	73	91	54	93	14	73	86	37	95	76	59	27	95	90	87	100	53	39	8	21	34	52	35	
2	28	31	49	12	53	25	76	25	36	64	2	94	30	72	42	76	2	9	52	59	47	83	47	52	33	95	48	31	56	79	11	96	92	64	71	79	39	6	3	93	65	65	70	36	47	6	82	60	78	
96	31	14	72	54	9	93	96	46	84	88	59	17	81	18	85	18	89	30	94	97	89	5	10	3	94	57	28	93	72	52	58	8	92	53	76	9	95	62	22	21	98	16	48	23	5	30	70	18	17	
45	49	72	50	79	30	47	61	18	2	20	78	29	77	72	29	42	5	13	16	80	35	58	7	15	20	68	57	70	90	27	2	89	82	97	22	85	49	3	20	26	17	55	33	9	99	26	42	93	76	
70	12	54	79	2	16	62	75	2	33	38	82	97	33	28	85	80	52	45	8	30	88	62	45	70	28	48	39	43	12	36	71	71	46	68	90	37	26	71	66	13	39	67	76	73	85	13	43	21	12	
47	53	9	30	16	16	15	66	8	81	64	29	76	52	36	49	37	25	59	50	94	52	11	1	97	44	69	99	44	56	11	54	2	15	15	71	96	91	76	90	8	89	94	91	19	100	88	98	13	31	
56	25	93	47	62	15	56	90	73	19	33	43	100	72	52	26	83	76	96	62	23	77	30	70	18	5	7	14	52	2	79	46	38	87	97	34	29	46	47	65	72	32	20	28	69	23	83	7	23	90	
23	76	96	61	75	66	90	71	78	81	28	4	87	24	80	14	84	21	96	20	84	9	37	43	47	18	72	76	32	56	53	25	62	78	67	98	91	38	70	82	73	28	69	42	100	75	97	72	37	70	
86	25	46	18	2	8	73	78	70	92	33	2	37	39	79	41	46	4	63	32	88	88	53	79	94	11	51	81	99	76	99	63	83	16	39	92	37	99	27	31	39	42	3	7	41	85	92	45	62	17	
48	36	84	2	33	81	19	81	92	11	3	52	81	61	47	18	45	9	37	66	31	76	11	80	72	14	73	42	43	62	69	70	24	38	23	12	70	26	83	42	36	86	22	95	87	12	44	84	48	50	
58	64	88	20	38	64	33	28	33	3	80	31	98	88	84	85	96	94	3	23	83	86	95	91	57	33	63	99	33	86	35	28	38	33	25	77	18	85	8	3	1	34	65	58	26	2	19	55	31	40	
73	2	59	78	82	29	43	4	2	52	31	75	58	75	89	90	23	66	47	40	57	39	2	45	76	66	68	95	16	70	55	72	40	15	26	96	75	18	80	70	73	33	67	18	90	45	60	85	90	62	
73	94	17	29	97	76	100	87	37	81	98	58	40	37	43	79	30	2	88	76	45	39	55	43	62	32	33	32	83	91	16	54	63	11	22	39	32	5	70	72	32	24	79	17	3	93	43	51	87	63	
66	30	81	77	33	52	72	24	39	61	88	75	37	40	20	64	3	13	15	4	64	87	24	70	59	11	12	81	74	41	16	67	28	8	81	83	56	90	5	97	60	15	72	23	34	50	39	41	30	72	
62	72	18	72	28	36	52	80	79	47	84	89	43	20	38	78	90	6	28	38	97	75	42	25	62	79	8	14	3	4	93	94	68	11	31	49	61	77	49	8	15	6	79	100	36	46	75	3	83	81	
15	42	85	29	85	49	26	14	41	18	85	90	79	64	78	97	25	100	51	7	59	98	73	35	84	1	77	44	46	24	92	13	37	89	63	91	95	59	20	62	1	95	16	64	56	69	48	62	17	61	
9	76	18	42	80	37	83	84	46	45	96	23	30	3	90	25	73	98	31	43	73	66	8	65	26	25	86	63	23	67	46	34	31	90	81	15	63	26	3	97	60	29	2	26	91	25	74	59	98	45	
10	2	89	5	52	25	76	21	4	9	94	66	2	13	6	100	98	75	14	28	92	38	31	2	11	47	83	17	87	65	24	52	38	94	30	89	1	29	17	13	68	37	85	28	85	20	91	78	53	67	
91	9	30	13	45	59	96	96	63	37	3	47	88	15	28	51	31	14	35	96	1	67	23	27	5	24	13	72	12	24	68	62	6	33	99	73	6	67	20	31	10	9	38	37	70	1	68	82	100	16	
33	52	94	16	8	50	62	20	32	66	23	40	76	4	38	7	43	28	96	15	17	2	6	87	74	13	30	13	17	56	95	22	39	9	11	77	100	81	19	12	25	49	84	66	92	98	97	10	74	95	
18	59	97	80	30	94	23	84	88	31	83	57	45	64	97	59	73	92	1	17	81	12	71	64	33	31	6	8	7	36	31	58	72	98	58	26	77	43	92	33	92	49	50	47	81	9	97	43	60	67	
19	47	89	35	88	52	77	9	88	76	86	39	39	87	75	98	66	38	67	2	12	94	67	65	62	4	90	3	85	83	94	38	91	79	13	6	29	82	8	58	23	3	74	98	45	47	94	52	98	87	
14	83	5	58	62	11	30	37	53	11	95	2	55	24	42	73	8	31	23	6	71	67	36	85	32	27	68	86	57	76	72	55	96	12	22	2	97	91	44	17	10	54	49	66	24	62	2	94	27	55	
65	47	10	7	45	1	70	43	79	80	91	45	43	70	25	35	65	2	27	87	64	65	85	20	77	57	44	81	41	61	28	79	76	44	21	42	43	73	4	71	100	78	3	81	41	97	11	62	38	59	
3	52	3	15	70	97	18	47	94	72	57	76	62	59	62	84	26	11	5	74	33	62	32	77	90	74	49	20	23	86	9	86	88	89	2	16	91	27	48	65	46	97	19	90	82	36	13	11	73	57	
73	33	94	20	28	44	5	18	11	14	33	66	32	11	79	1	25	47	24	13	31	4	27	57	74	56	91	13	64	15	38	6	60	10	61	24	16	44	76	18	68	64	98	80	71	38	39	18	50	97	
16	95	57	68	48	69	7	72	51	73	63	68	33	12	8	77	86	83	13	30	6	90	68	44	49	91	50	9	11	93	40	100	57	2	51	48	93	95	76	6	62	20	51	52	70	6	63	21	85	16	
73	48	28	57	39	99	14	76	81	42	99	95	32	81	14	44	63	17	72	13	8	3	86	81	20	13	9	92	86	16	59	39	23	11	50	67	91	7	44	45	40	55	67	4	16	26	13	76	53	5	
91	31	93	70	43	44	52	32	99	43	33	16	83	74	3	46	23	87	12	17	7	85	57	41	23	64	11	86	20	41	92	32	80	51	49	88	10	86	3	15	41	41	62	67	97	17	41	52	30	55	
54	56	72	90	12	56	2	56	76	62	86	70	91	41	4	24	67	65	24	56	36	83	76	61	86	15	93	16	41	17	60	45	16	91	79	16	34	62	42	30	6	80	28	32	22	94	48	14	31	13	
93	79	52	27	36	11	79	53	99	69	35	55	16	16	93	92	46	24	68	95	31	94	72	28	9	38	40	59	92	60	60	81	63	96	53	30	1	98	27	31	86	68	7	88	77	31	25	42	92	16	
14	11	58	2	71	54	46	25	63	70	28	72	54	67	94	13	34	52	62	22	58	38	55	79	86	6	100	39	32	45	81	12	24	66	78	76	80	21	97	1	89	82	74	44	91	14	16	50	25	22	
73	96	8	89	71	2	38	62	83	24	38	40	63	28	68	37	31	38	6	39	72	91	96	76	88	60	57	23	80	16	63	24	40	12	99	33	58	1	9	30	5	76	44	89	43	84	5	24	64	69	
86	92	92	82	46	15	87	78	16	38	33	15	11	8	11	89	90	94	33	9	98	79	12	44	89	10	2	11	51	91	96	66	12	58	94	15	24	97	94	92	32	1	88	11	66	70	19	26	49	58	
37	64	53	97	68	15	97	67	39	23	25	26	22	81	31	63	81	30	99	11	58	13	22	21	2	61	51	50	49	79	53	78	99	94	93	9	75	24	3	80	72	3	63	37	68	95	8	93	88	97	
95	71	76	22	90	71	34	98	92	12	77	96	39	83	49	91	15	89	73	77	26	6	2	42	16	24	48	67	88	16	30	76	33	15	9	58	42	67	28	72	53	10	4	79	23	6	95	25	52	35	
76	79	9	85	37	96	29	91	37	70	18	75	32	56	61	95	63	1	6	100	77	29	97	43	91	16	93	91	10	34	1	80	58	24	75	42	96	24	85	30	61	45	22	87	16	21	68	97	30	40	
59	39	95	49	26	91	46	38	99	26	85	18	5	90	77	59	26	29	67	81	43	82	91	73	27	44	95	7	86	62	98	21	1	97	24	67	24	42	57	56	43	34	46	62	100	11	14	34	75	4	
27	6	62	3	71	76	47	70	27	83	8	80	70	5	49	20	3	17	20	19	92	8	44	4	48	76	76	44	3	42	27	97	9	94	3	28	85	57	71	50	42	90	30	24	60	60	94	20	14	78	
95	3	22	20	66	90	65	82	31	42	3	70	72	97	8	62	97	13	31	12	33	58	17	71	65	18	6	45	15	30	31	1	30	92	80	72	30	56	50	64	74	6	68	49	54	57	33	55	51	6	
90	93	21	26	13	8	72	73	39	36	1	73	32	60	15	1	60	68	10	25	92	23	10	100	46	68	62	40	41	6	86	89	5	32	72	53	61	43	42	74	68	85	32	32	93	73	40	55	52	18	
87	65	98	17	39	89	32	28	42	86	34	33	24	15	6	95	29	37	9	49	49	3	54	78	97	64	20	55	41	80	68	82	76	1	3	10	45	34	90	6	85	9	29	37	24	75	20	34	17	89	
100	65	16	55	67	94	20	69	3	22	65	67	79	72	79	16	2	85	38	84	50	74	49	3	19	98	51	67	62	28	7	74	44	88	63	4	22	46	30	68	32	29	19	52	35	5	92	82	71	42	
53	70	48	33	76	91	28	42	7	95	58	18	17	23	100	64	26	28	37	66	47	98	66	81	90	80	52	4	67	32	88	44	89	11	37	79	87	62	24	49	32	37	52	25	55	21	12	51	83	40	
39	36	23	9	73	19	69	100	41	87	26	90	3	34	36	56	91	85	70	92	81	45	24	41	82	71	70	16	97	22	77	91	43	66	68	23	16	100	60	54	93	24	35	55	4	11	12	90	35	29	
8	47	5	99	85	100	23	75	85	12	2	45	93	50	46	69	25	20	1	98	9	47	62	97	36	38	6	26	17	94	31	14	84	70	95	6	21	11	60	57	73	75	5	21	11	18	51	22	82	51	
21	6	30	26	13	88	83	97	92	44	19	60	43	39	75	48	74	91	68	97	97	94	2	11	13	39	63	13	41	48	25	16	5	19	8	95	68	14	94	33	40	20	92	12	12	51	89	82	75	80	
34	82	70	42	43	98	7	72	45	84	55	85	51	41	3	62	59	78	82	10	43	52	94	62	11	18	21	76	52	14	42	50	24	26	93	25	97	34	20	55	55	34	82	51	90	22	82	69	85	96	
52	60	18	93	21	13	23	37	62	48	31	90	87	30	83	17	98	53	100	74	60	98	27	38	73	50	85	53	30	31	92	25	64	49	88	52	30	75	14	51	52	17	71	83	35	82	75	85	93	3	
35	78	17	76	12	31	90	70	17	50	40	62	63	72	81	61	45	67	16	95	67	87	55	59	57	97	16	5	55	13	16	22	69	58	97	35	40	4	78	6	18	89	42	40	29	51	80	96	3	10	
