50
1143
13	85	87	33	82	41	1	97	79	3	32	93	20	74	4	5	17	35	27	22	22	12	96	69	21	76	37	22	84	40	39	12	54	16	52	56	33	50	12	22	2	19	47	65	60	56	58	98	19	54	
12	81	2	5	25	90	41	29	62	71	72	41	76	57	34	47	72	47	45	82	83	52	71	57	16	89	39	43	39	45	6	5	2	36	33	13	28	36	47	35	35	25	33	30	8	31	27	57	33	5	
81	81	58	24	19	78	66	77	76	100	76	60	64	18	89	85	88	48	17	78	99	9	62	15	43	12	18	2	5	11	41	12	90	93	60	46	90	62	68	58	25	47	54	81	93	56	68	87	65	62	
2	58	22	82	55	19	34	50	76	2	16	43	21	24	67	42	24	12	26	80	27	26	78	65	53	99	42	39	45	65	38	10	12	60	56	32	14	40	58	81	76	53	36	23	89	43	52	47	3	38	
5	24	82	54	3	50	58	44	88	24	59	71	39	93	100	43	9	7	56	53	74	93	81	69	13	3	69	43	22	1	74	51	92	92	49	51	77	72	95	9	84	69	26	53	12	45	67	30	11	25	
25	19	55	3	31	19	18	84	38	21	66	92	29	17	91	7	45	99	87	56	89	12	6	6	95	36	25	32	57	6	23	52	38	9	80	92	40	81	75	68	22	91	33	8	86	2	38	42	9	8	
90	78	19	50	19	53	62	71	94	19	55	4	91	97	41	87	86	22	23	81	6	80	27	48	11	43	71	99	63	63	39	85	85	87	30	62	45	71	83	95	27	65	70	42	66	46	82	54	75	37	
41	66	34	58	18	62	79	88	70	52	52	16	18	78	66	57	14	99	38	36	30	10	82	77	7	7	72	54	9	13	87	77	4	64	80	39	44	54	68	64	24	2	64	11	72	39	95	85	32	61	
29	77	50	44	84	71	88	57	26	83	65	31	1	24	15	24	72	38	84	54	73	43	38	77	60	41	60	34	88	37	3	98	29	2	26	14	32	88	66	78	47	34	67	34	4	13	38	58	17	34	
62	76	76	88	38	94	70	26	83	87	68	7	65	15	77	8	43	8	83	5	81	78	68	39	33	98	64	53	39	65	86	44	37	67	44	26	46	12	40	58	34	89	1	8	35	72	73	99	68	42	
71	100	2	24	21	19	52	83	87	10	64	78	67	64	6	13	84	23	56	53	83	20	99	55	24	14	61	33	38	23	39	85	1	9	96	90	95	70	99	66	17	13	4	26	6	99	61	79	5	59	
72	76	16	59	66	55	52	65	68	64	24	35	55	71	39	48	42	16	94	40	73	76	29	36	16	11	67	100	7	99	36	21	52	65	52	51	57	44	91	8	10	63	55	73	51	100	86	79	60	91	
41	60	43	71	92	4	16	31	7	78	35	23	91	6	97	25	33	23	28	25	60	30	24	64	20	6	8	62	16	93	87	81	10	94	39	47	84	51	98	80	15	21	96	4	81	68	2	21	51	54	
76	64	21	39	29	91	18	1	65	67	55	91	92	94	10	95	37	66	22	38	3	85	68	94	95	22	26	51	58	40	46	50	59	38	68	68	17	12	52	21	86	96	75	3	22	77	80	97	73	60	
57	18	24	93	17	97	78	24	15	64	71	6	94	38	79	60	20	42	41	95	34	16	64	86	64	85	37	7	32	24	69	26	7	55	83	11	7	50	37	86	44	5	53	82	13	33	92	95	14	61	
34	89	67	100	91	41	66	15	77	6	39	97	10	79	98	75	46	53	49	45	28	71	23	96	29	90	59	96	53	86	91	10	20	33	23	67	32	33	50	43	41	44	8	77	20	44	60	35	11	75	
47	85	42	43	7	87	57	24	8	13	48	25	95	60	75	25	9	98	96	9	65	70	92	3	61	88	66	77	21	40	76	15	3	75	19	44	10	87	92	2	45	29	16	49	74	47	22	1	26	67	
72	88	24	9	45	86	14	72	43	84	42	33	37	20	46	9	94	74	15	81	25	83	35	27	66	85	95	19	89	68	37	89	46	34	94	4	1	46	92	60	15	40	76	83	30	61	17	6	11	68	
47	48	12	7	99	22	99	38	8	23	16	23	66	42	53	98	74	83	17	12	97	11	18	95	42	45	52	65	17	51	68	64	66	95	41	27	67	5	41	65	60	40	6	65	5	82	63	60	35	10	
45	17	26	56	87	23	38	84	83	56	94	28	22	41	49	96	15	17	53	62	57	84	87	95	81	63	96	21	18	4	71	50	65	67	10	22	34	29	51	47	14	97	96	85	97	65	56	51	64	19	
82	78	80	53	56	81	36	54	5	53	40	25	38	95	45	9	81	12	62	24	14	72	52	43	55	18	62	4	44	57	76	41	70	85	55	12	84	80	53	73	46	63	10	17	7	45	11	85	98	30	
83	99	27	74	89	6	30	73	81	83	73	60	3	34	28	65	25	97	57	14	69	1	15	8	59	36	94	77	91	14	99	90	27	89	35	25	71	32	3	76	93	71	66	14	24	73	67	87	49	6	
52	9	26	93	12	80	10	43	78	20	76	30	85	16	71	70	83	11	84	72	1	53	35	95	96	29	17	40	3	31	81	19	68	100	13	44	8	2	89	70	98	48	13	62	58	96	55	55	44	51	
71	62	78	81	6	27	82	38	68	99	29	24	68	64	23	92	35	18	87	52	15	35	66	13	26	82	53	39	74	41	74	87	99	12	30	82	1	73	65	47	1	53	64	64	69	94	37	93	57	97	
57	15	65	69	6	48	77	77	39	55	36	64	94	86	96	3	27	95	95	43	8	95	13	14	34	50	30	22	49	77	57	90	81	37	65	97	63	41	10	39	19	87	6	84	61	17	88	41	79	57	
16	43	53	13	95	11	7	60	33	24	16	20	95	64	29	61	66	42	81	55	59	96	26	34	12	77	52	82	1	54	37	97	56	99	64	57	91	40	65	46	84	26	78	32	72	44	98	49	49	100	
89	12	99	3	36	43	7	41	98	14	11	6	22	85	90	88	85	45	63	18	36	29	82	50	77	87	24	31	65	26	99	67	31	74	18	34	91	80	37	69	14	21	28	98	4	51	77	3	60	76	
39	18	42	69	25	71	72	60	64	61	67	8	26	37	59	66	95	52	96	62	94	17	53	30	52	24	13	11	24	69	98	44	50	64	88	50	40	49	58	75	60	24	39	88	56	99	72	22	63	72	
43	2	39	43	32	99	54	34	53	33	100	62	51	7	96	77	19	65	21	4	77	40	39	22	82	31	11	44	89	14	9	57	57	63	73	42	91	60	13	98	92	19	10	100	56	9	17	25	25	67	
39	5	45	22	57	63	9	88	39	38	7	16	58	32	53	21	89	17	18	44	91	3	74	49	1	65	24	89	28	33	18	7	17	17	30	51	65	6	47	100	22	28	78	76	3	54	32	56	67	20	
45	11	65	1	6	63	13	37	65	23	99	93	40	24	86	40	68	51	4	57	14	31	41	77	54	26	69	14	33	76	88	35	36	61	39	39	23	9	64	93	48	39	81	34	89	13	9	19	77	35	
6	41	38	74	23	39	87	3	86	39	36	87	46	69	91	76	37	68	71	76	99	81	74	57	37	99	98	9	18	88	57	96	30	4	11	29	40	49	11	64	69	28	87	44	33	43	78	100	70	21	
5	12	10	51	52	85	77	98	44	85	21	81	50	26	10	15	89	64	50	41	90	19	87	90	97	67	44	57	7	35	96	39	71	66	64	63	25	57	76	66	91	14	82	80	12	100	36	85	10	74	
2	90	12	92	38	85	4	29	37	1	52	10	59	7	20	3	46	66	65	70	27	68	99	81	56	31	50	57	17	36	30	71	2	88	2	75	53	58	72	65	36	14	3	75	72	2	59	71	63	53	
36	93	60	92	9	87	64	2	67	9	65	94	38	55	33	75	34	95	67	85	89	100	12	37	99	74	64	63	17	61	4	66	88	71	1	35	45	62	93	69	96	48	62	86	45	71	46	41	20	7	
33	60	56	49	80	30	80	26	44	96	52	39	68	83	23	19	94	41	10	55	35	13	30	65	64	18	88	73	30	39	11	64	2	1	33	38	77	43	87	68	4	34	42	68	88	70	11	65	64	24	
13	46	32	51	92	62	39	14	26	90	51	47	68	11	67	44	4	27	22	12	25	44	82	97	57	34	50	42	51	39	29	63	75	35	38	76	21	32	92	91	9	60	68	42	53	15	43	32	57	21	
28	90	14	77	40	45	44	32	46	95	57	84	17	7	32	10	1	67	34	84	71	8	1	63	91	91	40	91	65	23	40	25	53	45	77	21	3	75	67	54	39	76	24	3	16	41	12	83	13	60	
36	62	40	72	81	71	54	88	12	70	44	51	12	50	33	87	46	5	29	80	32	2	73	41	40	80	49	60	6	9	49	57	58	62	43	32	75	75	31	52	97	36	20	52	38	34	6	42	32	78	
47	68	58	95	75	83	68	66	40	99	91	98	52	37	50	92	92	41	51	53	3	89	65	10	65	37	58	13	47	64	11	76	72	93	87	92	67	31	32	32	73	15	87	23	7	46	80	70	11	4	
35	58	81	9	68	95	64	78	58	66	8	80	21	86	43	2	60	65	47	73	76	70	47	39	46	69	75	98	100	93	64	66	65	69	68	91	54	52	32	24	33	14	99	17	22	25	74	51	68	100	
35	25	76	84	22	27	24	47	34	17	10	15	86	44	41	45	15	60	14	46	93	98	1	19	84	14	60	92	22	48	69	91	36	96	4	9	39	97	73	33	41	70	54	61	64	61	85	72	49	72	
25	47	53	69	91	65	2	34	89	13	63	21	96	5	44	29	40	40	97	63	71	48	53	87	26	21	24	19	28	39	28	14	14	48	34	60	76	36	15	14	70	26	74	96	44	83	48	90	7	26	
33	54	36	26	33	70	64	67	1	4	55	96	75	53	8	16	76	6	96	10	66	13	64	6	78	28	39	10	78	81	87	82	3	62	42	68	24	20	87	99	54	74	20	69	9	5	41	44	51	38	
30	81	23	53	8	42	11	34	8	26	73	4	3	82	77	49	83	65	85	17	14	62	64	84	32	98	88	100	76	34	44	80	75	86	68	42	3	52	23	17	61	96	69	30	56	100	86	80	67	49	
8	93	89	12	86	66	72	4	35	6	51	81	22	13	20	74	30	5	97	7	24	58	69	61	72	4	56	56	3	89	33	12	72	45	88	53	16	38	7	22	64	44	9	56	83	85	27	61	71	64	
31	56	43	45	2	46	39	13	72	99	100	68	77	33	44	47	61	82	65	45	73	96	94	17	44	51	99	9	54	13	43	100	2	71	70	15	41	34	46	25	61	83	5	100	85	100	26	21	71	18	
27	68	52	67	38	82	95	38	73	61	86	2	80	92	60	22	17	63	56	11	67	55	37	88	98	77	72	17	32	9	78	36	59	46	11	43	12	6	80	74	85	48	41	86	27	26	70	46	5	41	
57	87	47	30	42	54	85	58	99	79	79	21	97	95	35	1	6	60	51	85	87	55	93	41	49	3	22	25	56	19	100	85	71	41	65	32	83	42	70	51	72	90	44	80	61	21	46	11	84	53	
33	65	3	11	9	75	32	17	68	5	60	51	73	14	11	26	11	35	64	98	49	44	57	79	49	60	63	25	67	77	70	10	63	20	64	57	13	32	11	68	49	7	51	67	71	71	5	84	87	86	
5	62	38	25	8	37	61	34	42	59	91	54	60	61	75	67	68	10	19	30	6	51	97	57	100	76	72	67	20	35	21	74	53	7	24	21	60	78	4	100	72	26	38	49	64	18	41	53	86	51	
