50
1491
23	74	62	16	10	64	21	58	72	71	48	50	27	59	67	28	42	70	88	11	93	97	69	61	84	39	22	78	20	31	39	42	92	20	91	41	50	96	33	72	80	85	93	52	100	73	73	77	32	32	
38	52	97	89	31	20	14	26	88	61	96	57	8	23	9	52	43	29	14	40	76	89	55	97	14	88	70	73	16	92	31	24	3	51	9	59	57	83	72	75	26	27	59	2	46	2	88	86	14	84	
52	84	82	62	97	32	81	16	45	15	83	96	7	46	89	100	83	22	15	7	46	17	48	79	88	95	82	79	95	24	19	79	78	48	94	42	21	46	85	92	19	72	38	89	22	57	74	82	4	61	
97	82	76	17	61	17	76	75	25	77	86	37	50	74	26	74	24	60	90	72	85	25	23	77	64	48	2	76	3	26	83	45	39	38	17	91	100	10	9	96	17	79	38	78	33	42	18	1	53	65	
89	62	17	78	14	50	45	17	35	31	64	11	70	42	30	67	7	33	99	64	60	13	44	47	97	11	99	64	57	43	82	92	13	7	60	76	96	60	22	92	68	98	78	28	81	14	37	95	59	12	
31	97	61	14	69	16	29	97	20	80	20	79	7	10	41	11	58	100	75	61	42	5	6	39	97	28	56	90	46	49	49	99	45	79	5	8	66	76	50	9	34	36	48	93	76	90	88	88	21	5	
20	32	17	50	16	37	5	88	3	85	42	10	36	79	19	27	15	7	67	8	84	4	6	74	38	37	50	94	4	14	29	1	81	71	9	89	15	45	25	16	33	79	87	93	60	23	56	52	17	52	
14	81	76	45	29	5	36	8	65	44	39	46	40	84	29	6	46	40	37	81	81	67	73	22	54	78	71	59	20	30	84	71	100	25	57	2	24	99	100	30	7	71	43	51	2	7	55	30	10	31	
26	16	75	17	97	88	8	93	33	41	33	72	95	18	5	2	77	5	62	74	10	7	35	23	49	38	17	96	52	59	7	22	84	24	64	23	1	72	88	79	39	44	77	34	25	3	18	69	43	71	
88	45	25	35	20	3	65	33	26	77	56	50	59	100	55	76	23	3	42	2	96	45	87	35	16	78	60	45	5	42	86	67	61	1	89	66	60	60	73	3	90	53	86	1	37	10	32	35	22	20	
61	15	77	31	80	85	44	41	77	9	86	8	10	41	2	59	81	5	53	42	91	4	76	66	82	57	68	55	30	93	51	73	92	89	85	57	94	1	86	58	37	47	97	61	87	58	29	11	45	32	
96	83	86	64	20	42	39	33	56	86	14	31	63	60	36	63	15	81	18	10	6	78	71	44	6	42	27	84	12	76	10	64	42	94	69	70	52	87	29	8	73	70	41	79	92	69	93	33	51	94	
57	96	37	11	79	10	46	72	50	8	31	25	3	21	92	55	13	44	76	83	21	7	79	74	15	13	10	34	48	74	56	21	74	51	80	69	32	93	18	72	62	93	36	55	34	3	36	60	39	26	
8	7	50	70	7	36	40	95	59	10	63	3	15	66	94	94	44	16	49	84	75	76	51	60	77	54	6	72	56	42	93	15	13	5	42	67	88	41	63	31	99	32	84	48	4	51	75	26	19	27	
23	46	74	42	10	79	84	18	100	41	60	21	66	54	84	70	3	46	93	8	10	24	18	53	33	42	3	61	70	73	38	84	87	32	57	47	68	15	48	70	54	85	78	32	45	42	61	12	68	10	
9	89	26	30	41	19	29	5	55	2	36	92	94	84	42	83	54	1	85	37	90	15	3	60	93	19	38	45	9	88	24	73	34	57	93	49	46	69	54	75	37	67	62	79	85	15	61	33	24	92	
52	100	74	67	11	27	6	2	76	59	63	55	94	70	83	71	61	33	22	88	8	45	81	32	42	25	62	59	46	43	53	16	39	50	43	79	16	3	33	62	16	57	91	64	34	20	33	72	32	100	
43	83	24	7	58	15	46	77	23	81	15	13	44	3	54	61	47	73	43	58	76	92	62	13	64	62	39	63	26	66	3	12	44	37	47	22	90	21	80	61	24	57	67	58	89	34	61	87	34	95	
29	22	60	33	100	7	40	5	3	5	81	44	16	46	1	33	73	32	65	2	12	59	83	47	54	86	68	89	62	35	17	33	85	20	6	100	67	41	31	40	29	20	3	47	82	90	29	71	90	9	
14	15	90	99	75	67	37	62	42	53	18	76	49	93	85	22	43	65	5	45	97	79	41	51	6	37	29	96	99	26	81	67	43	96	91	30	29	61	82	23	5	7	70	33	40	19	56	97	83	64	
40	7	72	64	61	8	81	74	2	42	10	83	84	8	37	88	58	2	45	3	86	51	36	37	78	28	78	80	43	96	45	63	87	23	67	36	24	63	95	6	8	87	87	68	5	47	34	85	77	56	
76	46	85	60	42	84	81	10	96	91	6	21	75	10	90	8	76	12	97	86	64	92	46	87	62	77	22	63	4	34	97	86	100	16	70	43	99	40	68	59	72	19	52	98	43	38	71	92	45	35	
89	17	25	13	5	4	67	7	45	4	78	7	76	24	15	45	92	59	79	51	92	28	72	69	17	30	95	4	44	88	51	55	20	56	69	47	46	74	63	42	87	11	54	85	17	45	25	35	9	33	
55	48	23	44	6	6	73	35	87	76	71	79	51	18	3	81	62	83	41	36	46	72	24	6	36	81	49	44	8	12	97	40	33	65	88	25	38	59	59	55	64	8	84	100	36	25	3	94	80	69	
97	79	77	47	39	74	22	23	35	66	44	74	60	53	60	32	13	47	51	37	87	69	6	6	67	52	3	69	24	81	17	19	69	45	13	46	95	76	56	93	82	85	20	32	73	75	56	85	38	44	
14	88	64	97	97	38	54	49	16	82	6	15	77	33	93	42	64	54	6	78	62	17	36	67	14	79	85	67	46	25	92	11	43	79	66	23	90	6	45	69	62	84	11	91	85	62	63	18	84	78	
88	95	48	11	28	37	78	38	78	57	42	13	54	42	19	25	62	86	37	28	77	30	81	52	79	85	52	2	62	94	16	30	38	2	69	53	82	17	5	80	35	66	54	27	13	17	4	74	87	67	
70	82	2	99	56	50	71	17	60	68	27	10	6	3	38	62	39	68	29	78	22	95	49	3	85	52	100	83	10	79	93	64	94	97	8	36	4	43	99	12	82	22	24	15	99	25	37	70	3	69	
73	79	76	64	90	94	59	96	45	55	84	34	72	61	45	59	63	89	96	80	63	4	44	69	67	2	83	57	44	2	20	2	60	56	58	1	61	54	42	76	22	21	66	97	72	91	89	54	21	62	
16	95	3	57	46	4	20	52	5	30	12	48	56	70	9	46	26	62	99	43	4	44	8	24	46	62	10	44	81	34	23	7	17	20	27	86	89	59	9	40	29	61	97	4	80	7	78	27	45	21	
92	24	26	43	49	14	30	59	42	93	76	74	42	73	88	43	66	35	26	96	34	88	12	81	25	94	79	2	34	74	39	69	70	93	40	12	98	79	58	87	69	87	17	6	28	7	54	72	14	30	
31	19	83	82	49	29	84	7	86	51	10	56	93	38	24	53	3	17	81	45	97	51	97	17	92	16	93	20	23	39	38	66	7	57	40	54	76	60	99	42	79	48	92	49	77	26	75	17	98	91	
24	79	45	92	99	1	71	22	67	73	64	21	15	84	73	16	12	33	67	63	86	55	40	19	11	30	64	2	7	69	66	80	82	91	6	67	18	40	3	17	31	48	86	96	48	6	3	80	97	65	
3	78	39	13	45	81	100	84	61	92	42	74	13	87	34	39	44	85	43	87	100	20	33	69	43	38	94	60	17	70	7	82	62	47	4	81	91	98	36	68	41	76	61	74	85	18	11	73	72	98	
51	48	38	7	79	71	25	24	1	89	94	51	5	32	57	50	37	20	96	23	16	56	65	45	79	2	97	56	20	93	57	91	47	32	32	89	23	85	36	4	94	76	60	19	78	63	68	62	69	37	
9	94	17	60	5	9	57	64	89	85	69	80	42	57	93	43	47	6	91	67	70	69	88	13	66	69	8	58	27	40	40	6	4	32	35	4	29	86	5	41	30	66	46	46	67	80	71	83	80	69	
59	42	91	76	8	89	2	23	66	57	70	69	67	47	49	79	22	100	30	36	43	47	25	46	23	53	36	1	86	12	54	67	81	89	4	25	89	68	28	31	18	59	8	86	68	65	82	41	92	41	
57	21	100	96	66	15	24	1	60	94	52	32	88	68	46	16	90	67	29	24	99	46	38	95	90	82	4	61	89	98	76	18	91	23	29	89	60	34	58	94	13	34	95	72	50	94	6	79	81	22	
83	46	10	60	76	45	99	72	60	1	87	93	41	15	69	3	21	41	61	63	40	74	59	76	6	17	43	54	59	79	60	40	98	85	86	68	34	79	72	96	69	77	63	79	58	83	45	82	28	3	
72	85	9	22	50	25	100	88	73	86	29	18	63	48	54	33	80	31	82	95	68	63	59	56	45	5	99	42	9	58	99	3	36	36	5	28	58	72	59	68	49	59	34	81	59	99	42	99	61	23	
75	92	96	92	9	16	30	79	3	58	8	72	31	70	75	62	61	40	23	6	59	42	55	93	69	80	12	76	40	87	42	17	68	4	41	31	94	96	68	33	59	1	31	85	48	25	96	62	30	56	
26	19	17	68	34	33	7	39	90	37	73	62	99	54	37	16	24	29	5	8	72	87	64	82	62	35	82	22	29	69	79	31	41	94	30	18	13	69	49	59	17	72	56	40	100	21	21	91	87	48	
27	72	79	98	36	79	71	44	53	47	70	93	32	85	67	57	57	20	7	87	19	11	8	85	84	66	22	21	61	87	48	48	76	76	66	59	34	77	59	1	72	21	26	86	22	30	24	8	79	24	
59	38	38	78	48	87	43	77	86	97	41	36	84	78	62	91	67	3	70	87	52	54	84	20	11	54	24	66	97	17	92	86	61	60	46	8	95	63	34	31	56	26	25	75	92	6	93	84	79	11	
2	89	78	28	93	93	51	34	1	61	79	55	48	32	79	64	58	47	33	68	98	85	100	32	91	27	15	97	4	6	49	96	74	19	46	86	72	79	81	85	40	86	75	13	43	62	63	15	78	77	
46	22	33	81	76	60	2	25	37	87	92	34	4	45	85	34	89	82	40	5	43	17	36	73	85	13	99	72	80	28	77	48	85	78	67	68	50	58	59	48	100	22	92	43	70	84	99	43	49	76	
2	57	42	14	90	23	7	3	10	58	69	3	51	42	15	20	34	90	19	47	38	45	25	75	62	17	25	91	7	7	26	6	18	63	80	65	94	83	99	25	21	30	6	62	84	63	90	36	91	25	
88	74	18	37	88	56	55	18	32	29	93	36	75	61	61	33	61	29	56	34	71	25	3	56	63	4	37	89	78	54	75	3	11	68	71	82	6	45	42	96	21	24	93	63	99	90	38	62	34	47	
86	82	1	95	88	52	30	69	35	11	33	60	26	12	33	72	87	71	97	85	92	35	94	85	18	74	70	54	27	72	17	80	73	62	83	41	79	82	99	62	91	8	84	15	43	36	62	75	40	34	
14	4	53	59	21	17	10	43	22	45	51	39	19	68	24	32	34	90	83	77	45	9	80	38	84	87	3	21	45	14	98	97	72	69	80	92	81	28	61	30	87	79	79	78	49	91	34	40	83	16	
84	61	65	12	5	52	31	71	20	32	94	26	27	10	92	100	95	9	64	56	35	33	69	44	78	67	69	62	21	30	91	65	98	37	69	41	22	3	23	56	48	24	11	77	76	25	47	34	16	53	
