50
1547
93	55	50	50	68	58	98	35	22	87	78	23	77	80	79	24	67	86	67	16	61	75	65	22	61	42	84	38	5	80	74	45	27	37	84	50	56	27	40	83	92	97	70	63	3	50	20	18	69	5	
39	51	77	95	85	89	42	7	78	39	92	93	31	65	33	31	37	97	48	61	37	13	63	63	2	34	53	6	7	86	4	39	65	16	17	69	79	10	60	65	70	50	60	13	25	10	99	80	1	35	
51	69	2	100	42	76	11	17	71	66	27	29	84	41	62	50	83	52	20	98	49	97	15	57	78	76	69	9	58	18	31	63	33	53	18	3	44	23	73	67	15	7	15	83	79	17	93	44	30	69	
77	2	49	55	37	34	65	30	70	13	92	15	14	46	24	65	91	51	91	44	18	28	54	38	96	42	85	42	7	29	35	28	65	32	81	68	49	83	20	95	13	75	78	86	74	37	21	14	66	91	
95	100	55	48	61	85	43	42	76	52	75	13	78	37	67	35	11	80	72	22	34	69	4	64	74	86	6	15	99	56	96	69	87	38	98	13	9	91	91	69	40	50	72	60	47	94	77	76	7	34	
85	42	37	61	53	16	6	76	92	68	51	93	58	87	14	42	40	21	17	75	97	58	33	72	55	18	21	97	33	45	100	25	50	56	74	23	35	23	36	34	24	13	10	30	70	39	67	10	88	72	
89	76	34	85	16	73	11	7	21	61	83	85	82	94	4	79	46	51	96	72	97	68	39	76	6	80	5	92	20	76	94	9	63	41	32	25	97	60	68	62	77	40	2	8	41	19	25	11	34	54	
42	11	65	43	6	11	27	99	14	78	98	43	82	40	67	92	4	97	79	79	43	30	21	74	45	28	13	34	94	91	91	17	79	14	53	2	99	65	67	56	38	88	90	55	72	5	41	75	28	58	
7	17	30	42	76	7	99	45	41	20	6	88	31	95	73	7	77	40	58	8	63	47	43	32	6	10	100	93	83	77	90	16	65	9	89	29	12	87	75	6	51	66	69	64	99	90	41	29	47	42	
78	71	70	76	92	21	14	41	53	78	2	80	17	15	95	79	86	90	6	38	84	45	64	53	34	36	15	16	44	55	8	40	49	21	88	43	17	12	81	45	6	45	44	32	10	95	22	35	73	85	
39	66	13	52	68	61	78	20	78	9	73	65	7	37	64	70	66	28	44	92	7	49	3	1	72	5	49	35	16	92	30	45	10	51	80	60	8	75	79	3	71	70	43	41	14	54	34	62	97	87	
92	27	92	75	51	83	98	6	2	73	96	48	71	65	49	81	87	93	70	36	75	71	66	10	65	14	41	47	55	27	65	8	29	58	42	86	85	34	77	26	39	62	46	8	95	84	14	5	45	74	
93	29	15	13	93	85	43	88	80	65	48	27	2	66	11	78	70	64	20	28	31	81	52	3	27	100	42	89	80	38	25	89	47	5	54	80	75	32	23	90	70	7	77	68	97	88	45	32	72	86	
31	84	14	78	58	82	82	31	17	7	71	2	67	15	8	60	11	99	51	99	44	35	23	52	92	53	82	13	30	29	64	81	53	53	77	26	2	24	74	40	82	85	29	3	3	78	27	4	77	6	
65	41	46	37	87	94	40	95	15	37	65	66	15	100	13	47	26	67	69	83	89	86	17	97	3	72	45	79	30	81	16	34	10	41	54	87	12	40	17	94	63	19	47	1	76	42	3	7	82	84	
33	62	24	67	14	4	67	73	95	64	49	11	8	13	18	61	30	23	7	9	16	35	35	50	49	39	69	6	77	39	19	48	89	52	91	59	62	2	94	7	4	58	96	79	63	6	32	22	39	63	
31	50	65	35	42	79	92	7	79	70	81	78	60	47	61	59	91	69	26	9	41	31	55	44	8	77	27	50	82	100	43	81	13	57	97	55	6	3	77	78	82	34	5	75	63	5	22	59	54	24	
37	83	91	11	40	46	4	77	86	66	87	70	11	26	30	91	64	26	57	90	63	14	95	35	66	3	29	89	60	17	13	67	34	24	16	4	98	1	26	24	25	76	55	89	21	91	42	91	80	30	
97	52	51	80	21	51	97	40	90	28	93	64	99	67	23	69	26	76	38	41	69	86	95	31	23	52	88	73	27	3	23	91	97	91	28	64	52	43	46	12	27	58	49	55	66	88	12	91	80	40	
48	20	91	72	17	96	79	58	6	44	70	20	51	69	7	26	57	38	47	93	42	4	48	67	10	26	5	68	66	100	87	58	64	3	4	11	2	48	4	67	93	99	72	68	58	88	96	46	40	87	
61	98	44	22	75	72	79	8	38	92	36	28	99	83	9	9	90	41	93	100	38	64	25	48	67	45	100	54	55	42	97	36	13	49	96	45	28	46	71	51	83	6	23	30	60	70	24	73	90	71	
37	49	18	34	97	97	43	63	84	7	75	31	44	89	16	41	63	69	42	38	22	35	51	21	80	21	20	12	38	54	3	56	68	82	4	85	30	62	12	42	58	2	100	24	31	34	43	62	40	24	
13	97	28	69	58	68	30	47	45	49	71	81	35	86	35	31	14	86	4	64	35	27	23	60	11	4	92	77	68	36	72	34	42	43	71	15	61	78	52	35	55	58	29	18	6	52	49	25	67	87	
63	15	54	4	33	39	21	43	64	3	66	52	23	17	35	55	95	95	48	25	51	23	28	92	20	6	2	20	51	65	87	34	5	6	79	25	55	46	38	17	85	78	85	32	86	76	41	27	98	40	
63	57	38	64	72	76	74	32	53	1	10	3	52	97	50	44	35	31	67	48	21	60	92	31	10	66	92	65	83	49	30	24	6	5	67	72	5	53	73	98	65	59	61	27	100	53	82	58	66	78	
2	78	96	74	55	6	45	6	34	72	65	27	92	3	49	8	66	23	10	67	80	11	20	10	52	35	27	58	27	78	29	8	2	18	100	50	60	99	41	79	87	52	27	28	28	78	69	40	31	43	
34	76	42	86	18	80	28	10	36	5	14	100	53	72	39	77	3	52	26	45	21	4	6	66	35	80	47	92	99	74	93	1	13	62	55	23	33	97	93	79	71	2	26	17	51	77	63	82	71	85	
53	69	85	6	21	5	13	100	15	49	41	42	82	45	69	27	29	88	5	100	20	92	2	92	27	47	92	72	91	16	12	86	86	39	81	8	49	65	50	82	52	99	91	82	36	30	58	14	14	53	
6	9	42	15	97	92	34	93	16	35	47	89	13	79	6	50	89	73	68	54	12	77	20	65	58	92	72	26	92	8	1	99	79	48	97	66	87	32	61	30	85	5	68	7	54	73	40	59	18	96	
7	58	7	99	33	20	94	83	44	16	55	80	30	30	77	82	60	27	66	55	38	68	51	83	27	99	91	92	37	48	58	36	12	98	78	11	18	19	44	18	98	23	1	84	49	56	80	33	92	89	
86	18	29	56	45	76	91	77	55	92	27	38	29	81	39	100	17	3	100	42	54	36	65	49	78	74	16	8	48	78	37	71	11	67	47	56	52	87	44	20	13	41	3	5	15	18	83	89	89	59	
4	31	35	96	100	94	91	90	8	30	65	25	64	16	19	43	13	23	87	97	3	72	87	30	29	93	12	1	58	37	38	1	71	86	43	43	65	22	18	35	30	37	69	70	40	69	36	73	19	67	
39	63	28	69	25	9	17	16	40	45	8	89	81	34	48	81	67	91	58	36	56	34	34	24	8	1	86	99	36	71	1	10	75	18	23	23	28	32	44	16	65	78	96	20	12	77	79	15	96	67	
65	33	65	87	50	63	79	65	49	10	29	47	53	10	89	13	34	97	64	13	68	42	5	6	2	13	86	79	12	11	71	75	37	43	88	71	98	10	15	36	8	77	97	80	15	22	21	16	14	55	
16	53	32	38	56	41	14	9	21	51	58	5	53	41	52	57	24	91	3	49	82	43	6	5	18	62	39	48	98	67	86	18	43	98	35	1	46	59	45	61	9	36	30	17	80	90	38	46	73	56	
17	18	81	98	74	32	53	89	88	80	42	54	77	54	91	97	16	28	4	96	4	71	79	67	100	55	81	97	78	47	43	23	88	35	41	81	54	74	70	8	48	63	33	42	48	5	83	7	50	89	
69	3	68	13	23	25	2	29	43	60	86	80	26	87	59	55	4	64	11	45	85	15	25	72	50	23	8	66	11	56	43	23	71	1	81	62	82	32	42	69	19	36	20	42	47	40	52	89	75	26	
79	44	49	9	35	97	99	12	17	8	85	75	2	12	62	6	98	52	2	28	30	61	55	5	60	33	49	87	18	52	65	28	98	46	54	82	55	68	39	39	44	75	48	5	71	93	97	91	24	27	
10	23	83	91	23	60	65	87	12	75	34	32	24	40	2	3	1	43	48	46	62	78	46	53	99	97	65	32	19	87	22	32	10	59	74	32	68	10	4	3	48	39	72	12	32	68	23	52	2	32	
60	73	20	91	36	68	67	75	81	79	77	23	74	17	94	77	26	46	4	71	12	52	38	73	41	93	50	61	44	44	18	44	15	45	70	42	39	4	27	21	97	64	27	81	12	22	42	52	92	62	
65	67	95	69	34	62	56	6	45	3	26	90	40	94	7	78	24	12	67	51	42	35	17	98	79	79	82	30	18	20	35	16	36	61	8	69	39	3	21	58	34	22	22	13	69	53	18	66	89	8	
70	15	13	40	24	77	38	51	6	71	39	70	82	63	4	82	25	27	93	83	58	55	85	65	87	71	52	85	98	13	30	65	8	9	48	19	44	48	97	34	61	1	84	65	87	93	22	10	42	57	
50	7	75	50	13	40	88	66	45	70	62	7	85	19	58	34	76	58	99	6	2	58	78	59	52	2	99	5	23	41	37	78	77	36	63	36	75	39	64	22	1	63	85	13	49	45	61	29	20	37	
60	15	78	72	10	2	90	69	44	43	46	77	29	47	96	5	55	49	72	23	100	29	85	61	27	26	91	68	1	3	69	96	97	30	33	20	48	72	27	22	84	85	17	14	60	4	59	49	74	18	
13	83	86	60	30	8	55	64	32	41	8	68	3	1	79	75	89	55	68	30	24	18	32	27	28	17	82	7	84	5	70	20	80	17	42	42	5	12	81	13	65	13	14	34	66	73	54	98	27	8	
25	79	74	47	70	41	72	99	10	14	95	97	3	76	63	63	21	66	58	60	31	6	86	100	28	51	36	54	49	15	40	12	15	80	48	47	71	32	12	69	87	49	60	66	76	53	5	24	78	31	
10	17	37	94	39	19	5	90	95	54	84	88	78	42	6	5	91	88	88	70	34	52	76	53	78	77	30	73	56	18	69	77	22	90	5	40	93	68	22	53	93	45	4	73	53	56	25	64	69	93	
99	93	21	77	67	25	41	41	22	34	14	45	27	3	32	22	42	12	96	24	43	49	41	82	69	63	58	40	80	83	36	79	21	38	83	52	97	23	42	18	22	61	59	54	5	25	14	53	100	94	
80	44	14	76	10	11	75	29	35	62	5	32	4	7	22	59	91	91	46	73	62	25	27	58	40	82	14	59	33	89	73	15	16	46	7	89	91	52	52	66	10	29	49	98	24	64	53	46	44	72	
1	30	66	7	88	34	28	47	73	97	45	72	77	82	39	54	80	80	40	90	40	67	98	66	31	71	14	18	92	89	19	96	14	73	50	75	24	2	92	89	42	20	74	27	78	69	100	44	61	70	
35	69	91	34	72	54	58	42	85	87	74	86	6	84	63	24	30	40	87	71	24	87	40	78	43	85	53	96	89	59	67	67	55	56	89	26	27	32	62	8	57	37	18	8	31	93	94	72	70	77	
