50
1260
68	30	87	78	34	56	19	5	90	12	1	93	91	99	82	79	59	46	40	53	2	85	91	41	88	49	100	33	33	57	71	64	12	88	65	22	23	49	15	87	76	40	8	84	98	24	86	5	6	36	
9	18	50	16	45	37	64	49	61	53	99	98	72	96	89	61	72	2	73	6	100	98	60	36	87	89	56	24	88	43	64	42	68	77	39	33	38	76	96	58	74	62	45	20	55	32	95	14	56	25	
18	78	40	7	35	10	36	60	17	61	29	4	54	29	80	23	36	41	60	64	44	68	13	94	53	92	10	62	57	27	37	24	19	21	18	16	99	67	93	6	24	96	17	18	40	77	10	41	43	16	
50	40	45	78	57	94	50	75	20	72	4	30	55	29	77	73	19	34	3	11	2	5	18	31	48	67	17	42	84	87	1	24	88	54	57	100	90	98	8	27	56	91	65	14	22	66	9	75	83	77	
16	7	78	65	68	22	92	32	48	16	91	34	10	6	1	34	78	77	1	85	21	65	70	5	17	18	64	10	80	19	48	56	52	69	67	58	72	37	45	66	51	97	4	80	70	15	67	98	64	90	
45	35	57	68	37	4	31	54	28	70	24	55	47	23	96	86	48	68	70	32	18	15	40	10	57	6	76	37	78	19	54	86	36	26	53	47	82	57	44	80	29	93	8	10	45	29	39	28	100	18	
37	10	94	22	4	47	45	27	83	5	27	29	12	57	3	54	41	54	90	71	12	63	1	35	78	68	62	15	20	45	57	50	51	67	7	24	34	54	92	66	98	20	80	100	3	84	10	56	7	37	
64	36	50	92	31	45	3	84	5	2	60	43	95	92	34	45	20	21	69	78	34	96	2	49	27	96	56	76	33	90	54	88	100	66	56	65	41	25	27	13	96	53	98	75	2	50	81	97	51	20	
49	60	75	32	54	27	84	55	13	57	66	61	39	63	39	93	28	99	79	84	14	22	86	59	36	86	93	10	20	21	80	88	72	29	80	76	54	51	56	87	45	5	97	94	53	66	55	9	77	41	
61	17	20	48	28	83	5	13	100	38	89	16	63	1	46	68	30	84	10	88	87	94	74	48	4	69	15	43	27	54	28	22	57	97	62	60	5	38	67	82	98	64	33	21	2	75	87	84	65	56	
53	61	72	16	70	5	2	57	38	28	99	26	100	33	74	8	55	99	26	30	38	43	57	47	43	5	77	46	94	64	91	100	17	21	80	7	26	64	39	34	61	43	22	21	50	47	70	93	63	65	
99	29	4	91	24	27	60	66	89	99	37	27	68	95	92	82	62	16	34	97	62	2	44	86	41	80	81	15	64	87	14	11	73	50	65	93	16	19	48	5	58	68	56	65	75	39	92	83	92	98	
98	4	30	34	55	29	43	61	16	26	27	22	65	44	13	96	51	62	83	2	46	51	55	72	42	8	90	70	89	75	6	69	31	6	53	100	1	93	32	11	25	23	74	92	59	85	54	95	24	27	
72	54	55	10	47	12	95	39	63	100	68	65	49	21	40	98	48	55	61	43	93	91	98	63	98	61	56	79	92	10	35	23	52	83	93	20	14	74	26	12	53	5	67	69	55	78	72	41	4	52	
96	29	29	6	23	57	92	63	1	33	95	44	21	45	59	53	99	7	73	20	62	80	77	77	50	74	11	87	41	47	15	77	18	32	30	21	62	5	20	66	84	39	97	4	51	81	39	69	66	27	
89	80	77	1	96	3	34	39	46	74	92	13	40	59	43	34	96	77	98	44	100	67	70	92	6	56	69	87	29	38	21	10	39	58	66	79	40	71	55	71	14	10	28	53	19	63	23	54	80	87	
61	23	73	34	86	54	45	93	68	8	82	96	98	53	34	95	32	100	57	86	40	13	70	31	47	37	24	45	46	43	45	30	64	99	17	52	17	47	53	42	82	50	32	54	37	81	74	89	25	51	
72	36	19	78	48	41	20	28	30	55	62	51	48	99	96	32	34	72	28	98	12	16	61	32	81	49	72	83	63	36	26	23	87	58	6	86	99	51	63	28	11	40	76	77	42	19	65	14	13	50	
2	41	34	77	68	54	21	99	84	99	16	62	55	7	77	100	72	83	5	43	38	47	90	8	18	100	38	22	74	62	10	39	35	55	20	39	24	40	95	22	28	58	50	55	30	93	83	43	40	6	
73	60	3	1	70	90	69	79	10	26	34	83	61	73	98	57	28	5	53	48	53	79	12	92	18	53	33	43	68	100	68	73	25	3	7	35	60	63	2	39	2	66	85	66	19	65	40	63	45	57	
6	64	11	85	32	71	78	84	88	30	97	2	43	20	44	86	98	43	48	20	45	57	18	86	75	18	35	19	54	79	50	80	25	39	37	13	96	61	33	94	48	86	87	31	70	40	8	82	68	74	
100	44	2	21	18	12	34	14	87	38	62	46	93	62	100	40	12	38	53	45	79	52	63	2	90	89	28	24	28	2	66	43	10	63	29	67	27	39	37	10	8	65	73	46	6	44	60	31	28	77	
98	68	5	65	15	63	96	22	94	43	2	51	91	80	67	13	16	47	79	57	52	56	9	61	20	61	71	15	33	11	68	11	87	29	78	38	21	11	82	98	56	67	48	89	47	52	38	64	49	24	
60	13	18	70	40	1	2	86	74	57	44	55	98	77	70	70	61	90	12	18	63	9	14	94	9	19	94	79	53	50	14	48	13	77	97	21	63	87	66	66	35	8	46	51	66	47	73	56	67	46	
36	94	31	5	10	35	49	59	48	47	86	72	63	77	92	31	32	8	92	86	2	61	94	56	36	80	47	38	28	100	69	13	64	91	52	79	44	54	53	43	81	2	1	49	53	70	1	59	21	39	
87	53	48	17	57	78	27	36	4	43	41	42	98	50	6	47	81	18	18	75	90	20	9	36	80	83	64	18	53	88	22	94	48	86	12	58	12	72	63	92	4	28	32	38	74	88	40	60	88	30	
89	92	67	18	6	68	96	86	69	5	80	8	61	74	56	37	49	100	53	18	89	61	19	80	83	53	18	71	71	100	58	57	23	14	40	21	57	62	11	5	63	81	10	76	45	28	69	59	92	62	
56	10	17	64	76	62	56	93	15	77	81	90	56	11	69	24	72	38	33	35	28	71	94	47	64	18	44	31	94	95	87	24	97	56	47	2	47	13	13	62	45	82	51	73	56	92	59	27	2	72	
24	62	42	10	37	15	76	10	43	46	15	70	79	87	87	45	83	22	43	19	24	15	79	38	18	71	31	67	46	9	99	33	98	89	16	95	73	45	78	66	61	42	75	87	67	65	15	1	57	3	
88	57	84	80	78	20	33	20	27	94	64	89	92	41	29	46	63	74	68	54	28	33	53	28	53	71	94	46	62	39	25	50	6	53	83	94	87	39	46	7	23	30	30	63	78	85	31	31	60	2	
43	27	87	19	19	45	90	21	54	64	87	75	10	47	38	43	36	62	100	79	2	11	50	100	88	100	95	9	39	78	68	99	49	3	93	27	16	49	58	82	37	72	46	83	63	72	19	79	58	78	
64	37	1	48	54	57	54	80	28	91	14	6	35	15	21	45	26	10	68	50	66	68	14	69	22	58	87	99	25	68	56	22	85	49	57	86	43	63	62	80	88	93	56	68	34	66	56	97	33	6	
42	24	24	56	86	50	88	88	22	100	11	69	23	77	10	30	23	39	73	80	43	11	48	13	94	57	24	33	50	99	22	68	4	71	74	63	50	47	56	2	55	8	84	17	33	57	85	13	69	51	
68	19	88	52	36	51	100	72	57	17	73	31	52	18	39	64	87	35	25	25	10	87	13	64	48	23	97	98	6	49	85	4	82	27	59	53	78	64	41	42	35	45	73	5	40	83	7	34	71	15	
77	21	54	69	26	67	66	29	97	21	50	6	83	32	58	99	58	55	3	39	63	29	77	91	86	14	56	89	53	3	49	71	27	24	2	22	5	55	99	78	16	59	57	12	30	91	11	3	34	86	
39	18	57	67	53	7	56	80	62	80	65	53	93	30	66	17	6	20	7	37	29	78	97	52	12	40	47	16	83	93	57	74	59	2	25	40	78	3	13	78	28	14	98	4	99	94	10	14	15	89	
33	16	100	58	47	24	65	76	60	7	93	100	20	21	79	52	86	39	35	13	67	38	21	79	58	21	2	95	94	27	86	63	53	22	40	63	8	36	33	43	55	30	47	60	96	35	46	93	60	41	
38	99	90	72	82	34	41	54	5	26	16	1	14	62	40	17	99	24	60	96	27	21	63	44	12	57	47	73	87	16	43	50	78	5	78	8	45	17	64	6	35	34	69	97	55	85	79	51	45	21	
76	67	98	37	57	54	25	51	38	64	19	93	74	5	71	47	51	40	63	61	39	11	87	54	72	62	13	45	39	49	63	47	64	55	3	36	17	99	36	10	67	44	98	63	8	36	56	93	82	8	
96	93	8	45	44	92	27	56	67	39	48	32	26	20	55	53	63	95	2	33	37	82	66	53	63	11	13	78	46	58	62	56	41	99	13	33	64	36	85	49	49	67	20	61	31	86	24	90	49	67	
58	6	27	66	80	66	13	87	82	34	5	11	12	66	71	42	28	22	39	94	10	98	66	43	92	5	62	66	7	82	80	2	42	78	78	43	6	10	49	51	38	17	88	46	3	33	37	34	87	60	
74	24	56	51	29	98	96	45	98	61	58	25	53	84	14	82	11	28	2	48	8	56	35	81	4	63	45	61	23	37	88	55	35	16	28	55	35	67	49	38	65	1	12	15	74	63	17	83	5	14	
62	96	91	97	93	20	53	5	64	43	68	23	5	39	10	50	40	58	66	86	65	67	8	2	28	81	82	42	30	72	93	8	45	59	14	30	34	44	67	17	1	58	22	32	90	51	95	65	41	63	
45	17	65	4	8	80	98	97	33	22	56	74	67	97	28	32	76	50	85	87	73	48	46	1	32	10	51	75	30	46	56	84	73	57	98	47	69	98	20	88	12	22	82	37	52	23	34	56	43	38	
20	18	14	80	10	100	75	94	21	21	65	92	69	4	53	54	77	55	66	31	46	89	51	49	38	76	73	87	63	83	68	17	5	12	4	60	97	63	61	46	15	32	37	97	82	96	18	12	16	96	
55	40	22	70	45	3	2	53	2	50	75	59	55	51	19	37	42	30	19	70	6	47	66	53	74	45	56	67	78	63	34	33	40	30	99	96	55	8	31	3	74	90	52	82	61	80	41	3	28	71	
32	77	66	15	29	84	50	66	75	47	39	85	78	81	63	81	19	93	65	40	44	52	47	70	88	28	92	65	85	72	66	57	83	91	94	35	85	36	86	33	63	51	23	96	80	19	67	73	15	62	
95	10	9	67	39	10	81	55	87	70	92	54	72	39	23	74	65	83	40	8	60	38	73	1	40	69	59	15	31	19	56	85	7	11	10	46	79	56	24	37	17	95	34	18	41	67	98	93	52	87	
14	41	75	98	28	56	97	9	84	93	83	95	41	69	54	89	14	43	63	82	31	64	56	59	60	59	27	1	31	79	97	13	34	3	14	93	51	93	90	34	83	65	56	12	3	73	93	50	14	48	
56	43	83	64	100	7	51	77	65	63	92	24	4	66	80	25	13	40	45	68	28	49	67	21	88	92	2	57	60	58	33	69	71	34	15	60	45	82	49	87	5	41	43	16	28	15	52	14	91	1	
25	16	77	90	18	37	20	41	56	65	98	27	52	27	87	51	50	6	57	74	77	24	46	39	30	62	72	3	2	78	6	51	15	86	89	41	21	8	67	60	14	63	38	96	71	62	87	48	1	63	
