50
1555
72	43	33	89	99	59	55	94	9	82	95	68	18	35	58	35	85	72	19	54	85	82	4	60	57	13	57	42	53	30	94	64	73	16	53	90	41	55	56	97	22	14	69	88	39	54	96	99	33	88	
14	71	50	44	7	25	8	56	55	11	75	10	70	33	57	52	29	44	28	24	41	14	16	63	45	13	78	84	65	24	80	75	30	67	2	46	49	68	90	70	82	46	43	16	5	56	33	88	62	34	
71	48	80	99	84	90	93	69	91	60	18	46	4	40	43	88	52	44	23	39	29	81	56	94	37	62	25	87	14	44	71	16	13	69	12	12	64	13	29	23	16	92	86	42	38	31	57	91	68	10	
50	80	82	28	63	66	82	30	67	25	54	47	35	33	38	2	73	43	38	100	36	17	99	7	74	60	61	43	100	14	71	47	2	96	12	7	32	93	39	4	90	81	63	1	93	12	20	67	54	89	
44	99	28	16	71	94	62	71	68	41	86	14	56	4	39	58	91	46	90	69	30	49	20	57	57	27	4	84	63	84	89	49	89	17	29	81	76	100	96	47	32	4	42	94	50	31	37	57	25	95	
7	84	63	71	81	2	54	12	27	10	70	3	21	55	78	28	94	33	62	23	13	48	28	88	28	92	38	7	88	89	65	62	18	86	80	29	41	96	70	62	6	47	94	96	78	61	84	44	99	20	
25	90	66	94	2	62	63	54	11	13	19	2	54	16	77	93	32	6	68	54	9	1	2	27	47	43	80	88	7	2	50	100	81	51	56	55	81	45	8	16	52	75	18	19	23	89	13	75	47	54	
8	93	82	62	54	63	53	83	68	52	78	87	17	74	12	86	15	95	29	18	51	60	23	28	88	37	48	71	71	82	94	38	49	30	95	56	1	15	95	28	70	32	72	38	50	95	52	84	37	26	
56	69	30	71	12	54	83	21	51	93	42	20	99	73	57	13	86	15	32	23	96	2	99	31	40	12	83	21	83	24	44	32	91	43	74	65	10	36	29	18	100	84	97	14	72	80	33	19	93	10	
55	91	67	68	27	11	68	51	73	79	92	90	16	25	14	11	57	2	67	95	24	56	1	100	98	64	75	61	38	40	81	55	80	66	53	27	74	70	20	4	85	3	43	88	87	12	15	84	43	9	
11	60	25	41	10	13	52	93	79	64	4	29	81	20	92	1	54	56	27	27	97	26	83	70	77	42	92	89	44	57	15	82	49	55	43	65	97	73	89	25	86	72	3	90	99	47	66	37	3	48	
75	18	54	86	70	19	78	42	92	4	96	91	96	74	12	94	22	51	26	27	79	68	53	99	16	74	39	4	63	60	88	39	77	63	1	64	3	89	59	82	93	100	27	62	76	76	60	59	30	41	
10	46	47	14	3	2	87	20	90	29	91	27	37	61	69	1	45	88	84	80	37	22	60	67	52	1	55	49	99	76	4	55	33	96	46	79	55	33	26	10	59	67	66	44	7	52	83	12	57	61	
70	4	35	56	21	54	17	99	16	81	96	37	48	67	34	100	82	51	1	85	66	19	12	35	32	98	80	73	5	83	48	95	77	1	11	85	61	20	31	55	30	75	85	2	86	83	36	42	78	7	
33	40	33	4	55	16	74	73	25	20	74	61	67	98	16	42	31	85	100	92	75	37	50	85	4	26	40	46	33	26	92	54	72	94	85	64	79	64	53	62	5	94	17	29	15	17	1	15	74	43	
57	43	38	39	78	77	12	57	14	92	12	69	34	16	22	44	39	73	23	26	84	1	38	75	69	33	51	88	3	18	97	84	44	88	54	66	12	14	75	63	100	33	52	9	99	35	2	6	76	89	
52	88	2	58	28	93	86	13	11	1	94	1	100	42	44	6	49	45	27	87	57	10	60	22	64	44	35	72	79	61	60	26	1	46	92	76	77	39	73	58	4	16	40	14	58	69	4	2	81	12	
29	52	73	91	94	32	15	86	57	54	22	45	82	31	39	49	22	88	31	98	88	80	13	48	1	91	78	48	47	90	43	85	63	32	41	87	50	13	37	12	9	83	12	69	13	2	68	50	99	47	
44	44	43	46	33	6	95	15	2	56	51	88	51	85	73	45	88	37	43	63	61	8	99	90	92	29	31	61	22	17	87	35	70	97	95	52	89	46	4	68	81	69	47	45	11	95	55	30	65	64	
28	23	38	90	62	68	29	32	67	27	26	84	1	100	23	27	31	43	76	33	58	82	91	4	87	1	34	34	52	30	88	80	9	17	11	49	36	58	25	92	87	42	21	75	38	69	36	52	76	30	
24	39	100	69	23	54	18	23	95	27	27	80	85	92	26	87	98	63	33	57	1	61	92	16	68	29	94	32	35	28	33	26	22	68	13	72	19	86	9	74	21	13	1	24	73	78	41	78	58	59	
41	29	36	30	13	9	51	96	24	97	79	37	66	75	84	57	88	61	58	1	58	97	79	95	77	2	10	97	40	61	20	64	79	14	43	32	84	33	64	74	27	3	57	72	66	55	87	26	69	100	
14	81	17	49	48	1	60	2	56	26	68	22	19	37	1	10	80	8	82	61	97	99	58	59	57	41	12	87	39	90	76	52	30	99	45	76	42	59	16	38	90	21	35	1	37	51	73	96	38	6	
16	56	99	20	28	2	23	99	1	83	53	60	12	50	38	60	13	99	91	92	79	58	15	89	57	47	33	98	13	33	28	65	1	41	70	79	53	34	16	14	32	89	94	35	96	85	52	82	56	28	
63	94	7	57	88	27	28	31	100	70	99	67	35	85	75	22	48	90	4	16	95	59	89	99	48	98	41	98	14	34	47	12	36	98	62	49	23	29	19	33	98	78	10	10	48	56	47	83	34	44	
45	37	74	57	28	47	88	40	98	77	16	52	32	4	69	64	1	92	87	68	77	57	57	48	22	62	100	91	38	27	53	45	10	53	18	48	97	41	28	47	76	2	74	73	29	7	26	66	13	10	
13	62	60	27	92	43	37	12	64	42	74	1	98	26	33	44	91	29	1	29	2	41	47	98	62	18	31	92	9	64	79	30	48	81	83	99	40	79	26	1	22	95	20	35	91	93	88	15	55	32	
78	25	61	4	38	80	48	83	75	92	39	55	80	40	51	35	78	31	34	94	10	12	33	41	100	31	28	76	17	64	18	15	5	31	67	71	12	59	47	99	87	26	54	61	59	22	92	1	95	65	
84	87	43	84	7	88	71	21	61	89	4	49	73	46	88	72	48	61	34	32	97	87	98	98	91	92	76	63	29	81	14	65	60	86	21	67	67	8	50	58	30	6	85	100	8	23	42	29	27	1	
65	14	100	63	88	7	71	83	38	44	63	99	5	33	3	79	47	22	52	35	40	39	13	14	38	9	17	29	44	74	5	4	10	58	65	27	89	62	94	72	14	80	48	32	100	94	86	64	45	54	
24	44	14	84	89	2	82	24	40	57	60	76	83	26	18	61	90	17	30	28	61	90	33	34	27	64	64	81	74	34	51	52	22	100	44	40	77	83	56	31	30	52	26	94	98	5	10	33	49	2	
80	71	71	89	65	50	94	44	81	15	88	4	48	92	97	60	43	87	88	33	20	76	28	47	53	79	18	14	5	51	92	89	66	27	75	57	99	60	87	31	47	16	62	67	77	29	96	54	87	36	
75	16	47	49	62	100	38	32	55	82	39	55	95	54	84	26	85	35	80	26	64	52	65	12	45	30	15	65	4	52	89	14	98	37	21	54	24	55	3	18	31	28	29	27	34	14	24	23	66	64	
30	13	2	89	18	81	49	91	80	49	77	33	77	72	44	1	63	70	9	22	79	30	1	36	10	48	5	60	10	22	66	98	79	35	74	87	84	28	88	74	85	26	31	44	29	44	48	33	65	74	
67	69	96	17	86	51	30	43	66	55	63	96	1	94	88	46	32	97	17	68	14	99	41	98	53	81	31	86	58	100	27	37	35	59	47	6	26	41	27	77	27	14	20	85	23	24	50	87	83	66	
2	12	12	29	80	56	95	74	53	43	1	46	11	85	54	92	41	95	11	13	43	45	70	62	18	83	67	21	65	44	75	21	74	47	16	80	77	26	3	19	27	54	19	78	98	97	90	10	13	62	
46	12	7	81	29	55	56	65	27	65	64	79	85	64	66	76	87	52	49	72	32	76	79	49	48	99	71	67	27	40	57	54	87	6	80	83	17	94	57	33	45	55	50	43	87	76	73	48	39	98	
49	64	32	76	41	81	1	10	74	97	3	55	61	79	12	77	50	89	36	19	84	42	53	23	97	40	12	67	89	77	99	24	84	26	77	17	76	77	64	19	22	83	64	28	53	27	98	23	10	71	
68	13	93	100	96	45	15	36	70	73	89	33	20	64	14	39	13	46	58	86	33	59	34	29	41	79	59	8	62	83	60	55	28	41	26	94	77	16	1	45	75	18	45	62	28	82	35	58	48	100	
90	29	39	96	70	8	95	29	20	89	59	26	31	53	75	73	37	4	25	9	64	16	16	19	28	26	47	50	94	56	87	3	88	27	3	57	64	1	92	57	85	12	65	88	35	62	80	65	38	58	
70	23	4	47	62	16	28	18	4	25	82	10	55	62	63	58	12	68	92	74	74	38	14	33	47	1	99	58	72	31	31	18	74	77	19	33	19	45	57	94	60	97	61	91	41	4	13	42	91	84	
82	16	90	32	6	52	70	100	85	86	93	59	30	5	100	4	9	81	87	21	27	90	32	98	76	22	87	30	14	30	47	31	85	27	27	45	22	75	85	60	55	9	36	81	60	53	82	59	37	82	
46	92	81	4	47	75	32	84	3	72	100	67	75	94	33	16	83	69	42	13	3	21	89	78	2	95	26	6	80	52	16	28	26	14	54	55	83	18	12	97	9	56	60	71	30	42	82	66	48	66	
43	86	63	42	94	18	72	97	43	3	27	66	85	17	52	40	12	47	21	1	57	35	94	10	74	20	54	85	48	26	62	29	31	20	19	50	64	45	65	61	36	60	39	53	16	65	21	87	84	49	
16	42	1	94	96	19	38	14	88	90	62	44	2	29	9	14	69	45	75	24	72	1	35	10	73	35	61	100	32	94	67	27	44	85	78	43	28	62	88	91	81	71	53	78	3	96	7	60	90	74	
5	38	93	50	78	23	50	72	87	99	76	7	86	15	99	58	13	11	38	73	66	37	96	48	29	91	59	8	100	98	77	34	29	23	98	87	53	28	35	41	60	30	16	3	34	59	80	46	42	25	
56	31	12	31	61	89	95	80	12	47	76	52	83	17	35	69	2	95	69	78	55	51	85	56	7	93	22	23	94	5	29	14	44	24	97	76	27	82	62	4	53	42	65	96	59	40	84	2	36	89	
33	57	20	37	84	13	52	33	15	66	60	83	36	1	2	4	68	55	36	41	87	73	52	47	26	88	92	42	86	10	96	24	48	50	90	73	98	35	80	13	82	82	21	7	80	84	28	74	25	63	
88	91	67	57	44	75	84	19	84	37	59	12	42	15	6	2	50	30	52	78	26	96	82	83	66	15	1	29	64	33	54	23	33	87	10	48	23	58	65	42	59	66	87	60	46	2	74	21	36	27	
62	68	54	25	99	47	37	93	43	3	30	57	78	74	76	81	99	65	76	58	69	38	56	34	13	55	95	27	45	49	87	66	65	83	13	39	10	48	38	91	37	48	84	90	42	36	25	36	77	48	
34	10	89	95	20	54	26	10	9	48	41	61	7	43	89	12	47	64	30	59	100	6	28	44	10	32	65	1	54	2	36	64	74	66	62	98	71	100	58	84	82	66	49	74	25	89	63	27	48	91	
