50
950
93	47	86	94	34	20	72	8	85	77	7	30	100	69	73	20	16	9	81	40	92	12	74	8	31	76	30	66	30	64	33	45	14	27	84	48	87	44	49	6	38	27	24	4	58	46	60	4	63	48	
29	21	92	63	57	11	94	45	92	38	26	95	26	91	25	51	42	60	53	40	90	9	86	100	98	33	99	5	39	27	76	93	10	64	70	88	44	33	43	18	44	57	81	29	12	93	85	92	69	5	
21	33	55	11	45	5	100	67	21	68	78	68	81	1	45	76	55	35	59	87	100	3	25	84	65	92	82	66	62	96	5	96	64	22	50	84	89	92	57	89	59	69	20	29	60	75	95	80	98	75	
92	55	50	7	63	31	24	27	34	57	83	63	54	77	44	10	24	29	61	22	5	98	15	53	59	97	2	28	65	47	57	75	9	12	12	81	14	68	61	86	91	6	17	4	38	71	78	96	32	92	
63	11	7	94	13	73	41	76	18	69	73	31	1	49	56	35	24	60	62	28	50	16	7	53	55	40	40	48	20	4	19	8	75	46	12	57	8	82	48	62	78	70	8	24	84	29	1	64	100	10	
57	45	63	13	70	29	81	12	45	17	9	10	63	97	72	27	61	81	52	77	9	44	79	43	68	74	71	19	62	9	28	81	64	46	51	70	93	57	98	10	63	44	19	35	96	13	72	10	10	96	
11	5	31	73	29	67	50	53	90	8	57	33	82	65	97	16	26	84	63	14	26	41	11	86	27	92	6	84	31	33	2	77	79	21	73	98	96	23	74	60	55	59	89	84	1	74	81	65	67	67	
94	100	24	41	81	50	25	93	24	60	23	88	39	66	80	81	43	78	58	18	64	34	71	60	60	20	34	56	96	78	64	20	85	70	58	50	1	17	90	46	22	93	86	46	56	29	33	98	73	3	
45	67	27	76	12	53	93	68	25	54	10	31	83	49	28	64	46	83	60	56	20	33	81	14	5	27	71	8	59	93	39	93	49	18	16	81	42	55	75	24	56	91	27	22	26	47	1	5	23	67	
92	21	34	18	45	90	24	25	22	42	90	50	27	32	89	24	3	54	80	43	61	33	37	12	11	88	49	3	76	97	88	36	99	69	10	58	40	80	90	93	47	69	47	40	56	88	94	37	59	81	
38	68	57	69	17	8	60	54	42	71	59	63	51	96	90	92	52	21	63	20	20	35	50	77	21	63	55	74	18	86	70	90	13	78	31	41	5	37	23	36	91	33	31	58	37	16	69	52	49	81	
26	78	83	73	9	57	23	10	90	59	50	19	83	23	53	44	26	32	64	33	85	51	2	84	15	49	3	70	28	96	17	83	27	65	24	93	6	44	7	53	9	28	53	26	58	31	89	23	5	69	
95	68	63	31	10	33	88	31	50	63	19	89	96	53	46	11	4	64	52	68	19	44	9	1	21	79	3	76	60	15	28	44	90	60	10	55	24	50	51	28	40	78	13	3	86	50	27	76	5	82	
26	81	54	1	63	82	39	83	27	51	83	96	18	84	71	76	83	92	54	63	23	16	89	17	39	83	14	63	14	14	33	66	100	87	97	73	46	56	42	36	35	12	11	76	51	68	13	56	6	32	
91	1	77	49	97	65	66	49	32	96	23	53	84	63	25	26	34	97	85	49	71	98	89	68	93	78	23	48	33	92	53	14	45	9	23	17	94	95	3	85	23	100	81	75	21	81	90	68	80	86	
25	45	44	56	72	97	80	28	89	90	53	46	71	25	53	7	95	79	51	85	6	50	24	39	49	6	95	12	30	64	96	2	60	83	14	76	88	8	92	60	15	91	80	73	90	67	75	24	44	44	
51	76	10	35	27	16	81	64	24	92	44	11	76	26	7	82	76	50	31	54	56	25	31	2	72	81	40	59	91	74	5	49	92	4	47	48	28	49	71	75	47	58	28	52	25	21	63	46	15	9	
42	55	24	24	61	26	43	46	3	52	26	4	83	34	95	76	8	53	50	91	31	32	73	72	19	91	9	33	58	25	40	25	14	43	40	29	68	44	28	82	9	77	67	39	45	46	66	1	75	52	
60	35	29	60	81	84	78	83	54	21	32	64	92	97	79	50	53	67	8	77	48	16	48	85	71	7	36	92	47	15	35	99	6	97	90	67	27	14	66	10	85	86	41	55	23	48	12	53	85	12	
53	59	61	62	52	63	58	60	80	63	64	52	54	85	51	31	50	8	84	63	18	84	45	20	5	70	71	82	62	96	42	48	63	65	63	25	99	90	1	28	45	78	98	78	1	3	75	77	23	11	
40	87	22	28	77	14	18	56	43	20	33	68	63	49	85	54	91	77	63	51	34	86	96	83	40	3	13	21	64	21	43	59	19	15	96	3	49	99	71	83	62	30	92	72	78	90	75	98	96	68	
90	100	5	50	9	26	64	20	61	20	85	19	23	71	6	56	31	48	18	34	47	42	87	29	96	26	49	76	99	43	36	26	59	31	31	49	90	33	95	86	77	25	96	12	1	32	96	27	45	16	
9	3	98	16	44	41	34	33	33	35	51	44	16	98	50	25	32	16	84	86	42	60	98	66	1	84	11	91	97	91	95	42	60	66	98	71	61	98	73	7	91	81	38	44	41	99	79	50	67	61	
86	25	15	7	79	11	71	81	37	50	2	9	89	89	24	31	73	48	45	96	87	98	28	57	97	21	40	65	66	54	78	81	46	66	14	17	46	19	80	74	59	97	49	32	89	38	32	19	16	12	
100	84	53	53	43	86	60	14	12	77	84	1	17	68	39	2	72	85	20	83	29	66	57	28	74	5	54	61	9	83	10	40	61	69	9	62	53	92	9	47	23	74	97	38	89	92	74	65	91	41	
98	65	59	55	68	27	60	5	11	21	15	21	39	93	49	72	19	71	5	40	96	1	97	74	74	15	16	52	6	71	97	37	97	22	100	32	31	26	70	24	59	92	76	66	31	53	54	98	47	11	
33	92	97	40	74	92	20	27	88	63	49	79	83	78	6	81	91	7	70	3	26	84	21	5	15	55	26	32	12	94	31	72	68	4	81	56	13	18	100	14	24	88	50	82	86	87	78	6	4	82	
99	82	2	40	71	6	34	71	49	55	3	3	14	23	95	40	9	36	71	13	49	11	40	54	16	26	63	93	79	41	76	36	68	46	31	44	42	52	22	22	72	54	2	20	66	98	41	90	90	73	
5	66	28	48	19	84	56	8	3	74	70	76	63	48	12	59	33	92	82	21	76	91	65	61	52	32	93	10	40	64	65	1	78	2	26	17	85	72	90	26	66	78	29	81	59	65	59	32	59	91	
39	62	65	20	62	31	96	59	76	18	28	60	14	33	30	91	58	47	62	64	99	97	66	9	6	12	79	40	2	17	63	96	97	17	77	36	96	78	52	24	5	14	1	63	86	30	85	59	25	21	
27	96	47	4	9	33	78	93	97	86	96	15	14	92	64	74	25	15	96	21	43	91	54	83	71	94	41	64	17	30	72	95	55	39	51	41	5	16	89	92	92	9	37	9	76	46	37	10	91	15	
76	5	57	19	28	2	64	39	88	70	17	28	33	53	96	5	40	35	42	43	36	95	78	10	97	31	76	65	63	72	42	65	93	21	17	50	19	84	31	83	58	33	55	77	16	66	58	96	5	81	
93	96	75	8	81	77	20	93	36	90	83	44	66	14	2	49	25	99	48	59	26	42	81	40	37	72	36	1	96	95	65	65	16	63	32	82	69	64	43	69	39	94	84	12	8	15	70	88	73	23	
10	64	9	75	64	79	85	49	99	13	27	90	100	45	60	92	14	6	63	19	59	60	46	61	97	68	68	78	97	55	93	16	31	26	47	72	31	67	53	10	41	8	92	50	3	60	57	25	94	76	
64	22	12	46	46	21	70	18	69	78	65	60	87	9	83	4	43	97	65	15	31	66	66	69	22	4	46	2	17	39	21	63	26	66	61	84	37	86	36	44	74	24	97	59	51	15	80	6	99	9	
70	50	12	12	51	73	58	16	10	31	24	10	97	23	14	47	40	90	63	96	31	98	14	9	100	81	31	26	77	51	17	32	47	61	53	77	81	86	94	85	48	94	67	43	40	10	90	44	87	16	
88	84	81	57	70	98	50	81	58	41	93	55	73	17	76	48	29	67	25	3	49	71	17	62	32	56	44	17	36	41	50	82	72	84	77	18	56	78	79	83	99	19	12	61	40	53	31	29	9	57	
44	89	14	8	93	96	1	42	40	5	6	24	46	94	88	28	68	27	99	49	90	61	46	53	31	13	42	85	96	5	19	69	31	37	81	56	55	38	34	42	93	29	15	5	27	25	13	41	89	38	
33	92	68	82	57	23	17	55	80	37	44	50	56	95	8	49	44	14	90	99	33	98	19	92	26	18	52	72	78	16	84	64	67	86	86	78	38	99	93	52	34	40	8	73	46	10	41	9	42	81	
43	57	61	48	98	74	90	75	90	23	7	51	42	3	92	71	28	66	1	71	95	73	80	9	70	100	22	90	52	89	31	43	53	36	94	79	34	93	74	63	55	74	16	10	26	80	87	38	10	71	
18	89	86	62	10	60	46	24	93	36	53	28	36	85	60	75	82	10	28	83	86	7	74	47	24	14	22	26	24	92	83	69	10	44	85	83	42	52	63	17	45	21	96	94	64	98	6	65	50	62	
44	59	91	78	63	55	22	56	47	91	9	40	35	23	15	47	9	85	45	62	77	91	59	23	59	24	72	66	5	92	58	39	41	74	48	99	93	34	55	45	95	31	13	49	53	63	6	86	90	59	
57	69	6	70	44	59	93	91	69	33	28	78	12	100	91	58	77	86	78	30	25	81	97	74	92	88	54	78	14	9	33	94	8	24	94	19	29	40	74	21	31	3	85	88	92	17	27	44	77	51	
81	20	17	8	19	89	86	27	47	31	53	13	11	81	80	28	67	41	98	92	96	38	49	97	76	50	2	29	1	37	55	84	92	97	67	12	15	8	16	96	13	85	85	1	53	85	51	10	87	45	
29	29	4	24	35	84	46	22	40	58	26	3	76	75	73	52	39	55	78	72	12	44	32	38	66	82	20	81	63	9	77	12	50	59	43	61	5	73	10	94	49	88	1	50	96	34	36	89	35	71	
12	60	38	84	96	1	56	26	56	37	58	86	51	21	90	25	45	23	1	78	1	41	89	89	31	86	66	59	86	76	16	8	3	51	40	40	27	46	26	64	53	92	53	96	33	89	40	49	8	84	
93	75	71	29	13	74	29	47	88	16	31	50	68	81	67	21	46	48	3	90	32	99	38	92	53	87	98	65	30	46	66	15	60	15	10	53	25	10	80	98	63	17	85	34	89	53	68	28	14	54	
85	95	78	1	72	81	33	1	94	69	89	27	13	90	75	63	66	12	75	75	96	79	32	74	54	78	41	59	85	37	58	70	57	80	90	31	13	41	87	6	6	27	51	36	40	68	63	60	94	61	
92	80	96	64	10	65	98	5	37	52	23	76	56	68	24	46	1	53	77	98	27	50	19	65	98	6	90	32	59	10	96	88	25	6	44	29	41	9	38	65	86	44	10	89	49	28	60	91	46	17	
69	98	32	100	10	67	73	23	59	49	5	5	6	80	44	15	75	85	23	96	45	67	16	91	47	4	90	59	25	91	5	73	94	99	87	9	89	42	10	50	90	77	87	35	8	14	94	46	3	14	
5	75	92	10	96	67	3	67	81	81	69	82	32	86	44	9	52	12	11	68	16	61	12	41	11	82	73	91	21	15	81	23	76	9	16	57	38	81	71	62	59	51	45	71	84	54	61	17	14	55	
