50
968
72	57	19	57	99	34	60	36	49	1	25	31	69	58	95	37	46	64	13	95	90	85	34	73	14	4	53	50	2	23	15	56	29	1	92	36	93	2	56	63	47	27	6	99	30	88	22	11	41	98	
78	26	32	29	11	65	24	42	95	30	32	2	61	31	28	46	29	53	77	8	32	27	49	21	96	87	53	38	25	94	72	20	66	77	54	34	29	52	71	90	81	97	43	15	90	64	66	84	25	21	
26	12	98	32	46	82	91	63	24	97	9	70	80	76	73	62	92	67	37	29	10	12	38	66	75	40	22	8	45	41	13	58	69	81	44	83	90	10	24	39	49	17	55	46	33	19	24	13	76	35	
32	98	79	35	2	64	49	77	16	42	18	81	68	84	20	40	8	40	64	87	35	95	88	19	77	62	9	66	18	80	30	29	65	29	23	94	12	79	51	79	69	13	17	64	68	93	7	39	71	95	
29	32	35	89	81	30	63	49	75	66	71	15	55	9	50	43	34	86	89	9	51	15	97	96	36	79	33	68	99	69	63	47	59	61	97	65	55	11	73	21	54	60	11	50	61	90	70	100	59	61	
11	46	2	81	38	83	89	1	75	23	49	37	74	99	90	92	38	63	57	16	42	81	79	54	30	86	17	81	75	82	34	28	23	33	88	76	6	86	77	30	63	35	51	71	73	4	95	48	70	57	
65	82	64	30	83	72	61	17	25	62	68	55	97	65	42	50	68	20	97	70	82	74	36	96	78	45	48	8	37	74	81	98	82	92	18	8	66	99	36	14	68	70	30	57	56	54	76	16	66	60	
24	91	49	63	89	61	65	11	61	20	18	86	47	33	57	23	6	81	13	40	57	20	62	74	68	93	26	64	5	56	82	97	30	98	24	11	91	42	4	67	29	19	66	15	29	84	36	48	35	88	
42	63	77	49	1	17	11	12	15	32	6	52	51	13	5	26	88	52	71	56	24	17	67	79	92	75	95	60	38	42	25	28	74	25	6	26	45	89	58	68	6	28	24	13	72	77	2	19	28	17	
95	24	16	75	75	25	61	15	60	40	78	38	21	94	20	64	89	74	4	28	92	58	90	35	96	42	20	81	31	17	15	59	61	97	3	24	3	45	24	51	45	63	58	41	70	54	68	43	2	6	
30	97	42	66	23	62	20	32	40	37	1	87	82	30	13	15	10	31	7	72	37	10	19	39	61	81	25	50	66	73	86	34	65	14	20	55	23	12	97	96	90	67	19	56	21	91	48	11	15	84	
32	9	18	71	49	68	18	6	78	1	35	24	86	85	87	42	15	85	31	71	12	92	1	27	49	74	42	16	95	34	2	17	19	90	53	8	46	56	23	71	67	92	63	38	48	24	32	6	7	41	
2	70	81	15	37	55	86	52	38	87	24	56	51	71	2	67	52	88	53	6	45	77	75	75	31	78	27	65	46	21	14	65	4	59	66	50	21	96	92	94	93	23	46	66	91	72	52	15	38	34	
61	80	68	55	74	97	47	51	21	82	86	51	62	40	32	34	60	76	14	63	13	28	71	21	8	53	91	96	4	75	84	90	4	7	19	14	51	62	19	73	88	29	65	14	63	64	64	23	18	4	
31	76	84	9	99	65	33	13	94	30	85	71	40	9	39	45	56	47	43	12	91	86	43	96	59	72	26	67	39	69	23	50	2	77	16	99	89	18	79	94	26	92	90	69	88	57	1	36	71	86	
28	73	20	50	90	42	57	5	20	13	87	2	32	39	72	82	47	44	35	34	71	58	29	76	43	79	83	80	84	33	20	79	50	46	15	23	98	17	65	9	73	75	17	50	54	29	68	7	16	88	
46	62	40	43	92	50	23	26	64	15	42	67	34	45	82	75	94	98	62	65	84	1	78	5	76	25	72	54	89	24	77	77	7	1	28	61	22	97	62	3	3	34	41	72	37	18	22	38	31	83	
29	92	8	34	38	68	6	88	89	10	15	52	60	56	47	94	36	95	95	49	47	52	8	37	90	76	55	23	74	90	34	38	3	25	8	5	12	31	8	98	1	37	9	72	68	77	81	100	79	20	
53	67	40	86	63	20	81	52	74	31	85	88	76	47	44	98	95	73	11	9	68	53	29	50	10	11	61	89	24	49	11	2	3	55	85	56	59	76	84	21	2	85	48	41	15	5	94	53	82	48	
77	37	64	89	57	97	13	71	4	7	31	53	14	43	35	62	95	11	91	69	53	17	37	82	16	35	84	40	83	68	95	18	39	71	88	8	28	92	12	45	99	52	46	27	96	79	88	79	62	25	
8	29	87	9	16	70	40	56	28	72	71	6	63	12	34	65	49	9	69	19	34	43	76	50	37	27	56	37	63	50	7	13	58	45	17	38	70	77	43	89	43	72	83	81	27	28	85	45	54	71	
32	10	35	51	42	82	57	24	92	37	12	45	13	91	71	84	47	68	53	34	98	58	9	2	9	12	33	14	73	24	12	62	52	29	89	51	88	22	63	46	97	2	92	12	74	36	86	74	79	23	
27	12	95	15	81	74	20	17	58	10	92	77	28	86	58	1	52	53	17	43	58	62	62	40	42	24	39	49	8	45	36	35	11	77	76	1	45	41	96	63	62	32	89	12	2	16	59	24	11	7	
49	38	88	97	79	36	62	67	90	19	1	75	71	43	29	78	8	29	37	76	9	62	67	22	57	45	27	68	30	47	47	70	14	22	57	44	28	84	77	48	24	93	58	79	64	78	10	44	77	37	
21	66	19	96	54	96	74	79	35	39	27	75	21	96	76	5	37	50	82	50	2	40	22	93	9	11	70	6	85	81	71	86	56	97	20	8	44	65	82	73	45	21	52	22	64	24	55	94	55	80	
96	75	77	36	30	78	68	92	96	61	49	31	8	59	43	76	90	10	16	37	9	42	57	9	65	17	100	51	14	95	71	75	80	86	27	86	62	66	34	49	40	8	24	87	69	61	34	100	54	69	
87	40	62	79	86	45	93	75	42	81	74	78	53	72	79	25	76	11	35	27	12	24	45	11	17	4	31	78	69	44	8	54	14	34	73	49	75	11	25	84	98	57	89	60	89	51	94	62	71	38	
53	22	9	33	17	48	26	95	20	25	42	27	91	26	83	72	55	61	84	56	33	39	27	70	100	31	96	16	24	68	91	94	74	97	99	89	91	50	8	15	11	44	44	64	41	26	100	16	12	97	
38	8	66	68	81	8	64	60	81	50	16	65	96	67	80	54	23	89	40	37	14	49	68	6	51	78	16	97	46	99	10	53	91	65	18	99	83	77	18	17	16	37	37	10	57	68	31	16	46	23	
25	45	18	99	75	37	5	38	31	66	95	46	4	39	84	89	74	24	83	63	73	8	30	85	14	69	24	46	83	75	73	18	42	51	7	60	65	7	53	51	82	29	68	4	96	27	5	58	28	31	
94	41	80	69	82	74	56	42	17	73	34	21	75	69	33	24	90	49	68	50	24	45	47	81	95	44	68	99	75	91	32	98	69	8	60	4	12	98	35	84	84	62	35	13	10	36	15	88	54	40	
72	13	30	63	34	81	82	25	15	86	2	14	84	23	20	77	34	11	95	7	12	36	47	71	71	8	91	10	73	32	38	25	57	5	63	88	96	65	6	72	90	95	41	6	68	89	56	90	56	42	
20	58	29	47	28	98	97	28	59	34	17	65	90	50	79	77	38	2	18	13	62	35	70	86	75	54	94	53	18	98	25	14	14	36	59	65	91	34	69	48	23	91	42	89	27	10	76	16	17	47	
66	69	65	59	23	82	30	74	61	65	19	4	4	2	50	7	3	3	39	58	52	11	14	56	80	14	74	91	42	69	57	14	4	87	70	89	2	24	17	83	68	72	69	73	19	47	79	37	98	87	
77	81	29	61	33	92	98	25	97	14	90	59	7	77	46	1	25	55	71	45	29	77	22	97	86	34	97	65	51	8	5	36	87	11	74	92	63	81	69	19	81	61	95	75	76	97	20	47	81	8	
54	44	23	97	88	18	24	6	3	20	53	66	19	16	15	28	8	85	88	17	89	76	57	20	27	73	99	18	7	60	63	59	70	74	17	77	77	21	41	80	74	26	10	42	28	46	94	4	86	75	
34	83	94	65	76	8	11	26	24	55	8	50	14	99	23	61	5	56	8	38	51	1	44	8	86	49	89	99	60	4	88	65	89	92	77	69	29	69	68	51	92	87	58	26	15	55	12	32	31	35	
29	90	12	55	6	66	91	45	3	23	46	21	51	89	98	22	12	59	28	70	88	45	28	44	62	75	91	83	65	12	96	91	2	63	77	29	1	4	31	33	18	14	24	45	81	82	27	79	87	8	
52	10	79	11	86	99	42	89	45	12	56	96	62	18	17	97	31	76	92	77	22	41	84	65	66	11	50	77	7	98	65	34	24	81	21	69	4	12	93	25	60	52	89	3	16	23	41	8	79	32	
71	24	51	73	77	36	4	58	24	97	23	92	19	79	65	62	8	84	12	43	63	96	77	82	34	25	8	18	53	35	6	69	17	69	41	68	31	93	2	40	40	20	59	58	80	96	29	83	19	67	
90	39	79	21	30	14	67	68	51	96	71	94	73	94	9	3	98	21	45	89	46	63	48	73	49	84	15	17	51	84	72	48	83	19	80	51	33	25	40	71	2	2	22	97	60	43	37	30	43	76	
81	49	69	54	63	68	29	6	45	90	67	93	88	26	73	3	1	2	99	43	97	62	24	45	40	98	11	16	82	84	90	23	68	81	74	92	18	60	40	2	97	58	62	43	26	44	90	73	41	44	
97	17	13	60	35	70	19	28	63	67	92	23	29	92	75	34	37	85	52	72	2	32	93	21	8	57	44	37	29	62	95	91	72	61	26	87	14	52	20	2	58	42	35	91	62	5	92	8	100	40	
43	55	17	11	51	30	66	24	58	19	63	46	65	90	17	41	9	48	46	83	92	89	58	52	24	89	44	37	68	35	41	42	69	95	10	58	24	89	59	22	62	35	90	3	23	13	99	22	55	10	
15	46	64	50	71	57	15	13	41	56	38	66	14	69	50	72	72	41	27	81	12	12	79	22	87	60	64	10	4	13	6	89	73	75	42	26	45	3	58	97	43	91	3	93	67	65	15	26	46	83	
90	33	68	61	73	56	29	72	70	21	48	91	63	88	54	37	68	15	96	27	74	2	64	64	69	89	41	57	96	10	68	27	19	76	28	15	81	16	80	60	26	62	23	67	25	56	9	11	81	18	
64	19	93	90	4	54	84	77	54	91	24	72	64	57	29	18	77	5	79	28	36	16	78	24	61	51	26	68	27	36	89	10	47	97	46	55	82	23	96	43	44	5	13	65	56	21	55	42	92	79	
66	24	7	70	95	76	36	2	68	48	32	52	64	1	68	22	81	94	88	85	86	59	10	55	34	94	100	31	5	15	56	76	79	20	94	12	27	41	29	37	90	92	99	15	9	55	46	85	23	19	
84	13	39	100	48	16	48	19	43	11	6	15	23	36	7	38	100	53	79	45	74	24	44	94	100	62	16	16	58	88	90	16	37	47	4	32	79	8	83	30	73	8	22	26	11	42	85	54	63	24	
25	76	71	59	70	66	35	28	2	15	7	38	18	71	16	31	79	82	62	54	79	11	77	55	54	71	12	46	28	54	56	17	98	81	86	31	87	79	19	43	41	100	55	46	81	92	23	63	87	46	
21	35	95	61	57	60	88	17	6	84	41	34	4	86	88	83	20	48	25	71	23	7	37	80	69	38	97	23	31	40	42	47	87	8	75	35	8	32	67	76	44	40	10	83	18	79	19	24	46	26	
