50
1071
100	71	100	55	52	4	84	65	20	20	60	38	78	44	5	31	62	67	18	5	7	38	7	39	88	100	71	36	35	15	61	70	87	58	49	34	5	74	14	49	89	88	11	60	80	90	10	34	75	89	
8	96	75	74	48	82	97	94	36	34	32	4	41	69	28	58	96	48	53	24	78	14	61	72	49	20	67	39	28	77	42	2	51	95	61	79	50	87	29	82	93	89	56	42	73	68	55	41	42	5	
96	84	30	49	6	2	35	73	27	16	98	43	12	10	24	32	90	47	73	72	84	90	12	17	82	81	37	42	28	29	68	69	41	71	35	83	33	99	80	6	53	61	14	19	75	39	38	45	79	25	
75	30	53	99	91	86	8	65	60	88	18	36	51	11	6	82	29	94	73	39	66	73	74	87	92	31	79	73	20	75	36	4	86	83	99	99	68	66	11	8	21	43	51	82	27	27	88	34	24	19	
74	49	99	14	68	54	97	100	65	43	62	2	69	11	53	63	87	50	35	6	71	71	19	9	65	21	36	37	32	96	63	84	22	100	12	92	38	79	76	23	34	67	85	74	6	63	57	70	64	8	
48	6	91	68	80	70	1	7	2	83	55	16	4	4	60	53	61	76	19	9	37	58	55	11	97	35	36	50	23	32	36	81	65	16	98	67	35	85	87	100	85	17	25	13	77	51	4	41	29	24	
82	2	86	54	70	97	34	71	43	67	79	72	66	89	87	78	8	97	27	14	83	53	94	59	35	15	76	62	15	56	5	57	70	13	97	96	19	89	25	73	96	39	58	30	15	39	82	7	54	15	
97	35	8	97	1	34	44	70	74	3	98	1	55	5	63	86	92	61	71	33	38	58	36	45	40	62	16	23	64	37	76	72	45	53	37	63	63	38	83	30	18	30	55	67	63	58	98	83	79	46	
94	73	65	100	7	71	70	42	23	24	98	11	83	38	85	15	46	20	72	70	28	93	29	7	66	70	41	34	84	50	91	3	21	54	58	79	14	81	8	48	20	67	16	37	48	55	55	20	23	53	
36	27	60	65	2	43	74	23	55	61	26	25	26	7	53	52	87	44	55	58	79	29	2	81	93	91	86	44	44	57	17	95	24	54	70	12	68	27	86	79	80	98	59	78	27	33	31	35	14	28	
34	16	88	43	83	67	3	24	61	48	65	33	29	57	39	27	71	14	35	5	85	34	66	44	46	81	18	22	88	23	16	82	30	63	13	27	72	99	29	4	62	49	19	10	10	12	38	72	68	70	
32	98	18	62	55	79	98	98	26	65	84	25	11	25	15	23	57	11	54	22	83	70	20	39	98	75	97	12	49	46	11	2	88	19	20	18	74	26	21	9	63	16	33	95	20	72	7	43	8	36	
4	43	36	2	16	72	1	11	25	33	25	43	3	9	53	20	64	79	50	90	38	72	41	9	69	42	56	38	12	85	56	100	83	63	36	59	98	36	45	74	31	16	89	70	32	62	30	76	91	70	
41	12	51	69	4	66	55	83	26	29	11	3	96	30	84	41	39	93	49	67	64	30	51	91	91	67	48	98	5	3	47	61	19	17	98	70	19	25	1	46	30	19	34	84	26	69	11	10	10	70	
69	10	11	11	4	89	5	38	7	57	25	9	30	76	15	95	49	78	59	39	66	1	5	33	45	23	76	94	90	68	65	61	38	77	65	83	27	13	54	11	94	71	57	49	44	96	41	20	53	23	
28	24	6	53	60	87	63	85	53	39	15	53	84	15	55	54	17	81	8	50	93	32	76	28	24	15	92	74	86	6	18	24	39	81	60	89	74	79	100	10	83	14	97	52	44	13	83	43	1	24	
58	32	82	63	53	78	86	15	52	27	23	20	41	95	54	90	19	27	62	67	28	90	84	67	4	100	60	40	22	92	44	18	99	20	17	38	85	56	96	34	58	52	58	83	10	83	28	46	55	36	
96	90	29	87	61	8	92	46	87	71	57	64	39	49	17	19	64	92	25	3	15	22	26	68	95	63	97	7	49	35	62	52	45	55	28	67	40	69	11	55	30	75	15	23	69	78	4	59	94	32	
48	47	94	50	76	97	61	20	44	14	11	79	93	78	81	27	92	48	32	30	39	49	2	8	67	6	3	52	73	1	27	71	60	23	7	49	47	31	8	9	9	98	94	64	46	65	33	62	53	8	
53	73	73	35	19	27	71	72	55	35	54	50	49	59	8	62	25	32	29	4	29	58	53	74	39	30	5	24	18	18	11	78	18	89	30	8	53	73	45	73	33	83	10	85	57	81	32	71	98	73	
24	72	39	6	9	14	33	70	58	5	22	90	67	39	50	67	3	30	4	32	64	37	66	11	59	12	65	77	65	70	23	21	26	72	24	89	25	34	40	17	81	8	34	55	84	13	100	41	76	61	
78	84	66	71	37	83	38	28	79	85	83	38	64	66	93	28	15	39	29	64	74	16	17	45	42	13	43	44	62	26	74	80	62	5	41	74	66	81	85	10	45	17	28	23	58	14	95	73	20	95	
14	90	73	71	58	53	58	93	29	34	70	72	30	1	32	90	22	49	58	37	16	32	68	46	1	6	38	62	89	30	96	67	26	22	74	26	23	63	99	18	70	11	30	66	33	57	44	44	23	1	
61	12	74	19	55	94	36	29	2	66	20	41	51	5	76	84	26	2	53	66	17	68	22	91	12	49	18	7	51	10	9	35	83	74	60	69	92	96	43	72	2	34	74	4	78	80	95	69	57	75	
72	17	87	9	11	59	45	7	81	44	39	9	91	33	28	67	68	8	74	11	45	46	91	54	2	82	7	81	34	65	33	41	64	55	19	5	43	69	95	81	6	89	10	53	66	21	57	49	70	5	
49	82	92	65	97	35	40	66	93	46	98	69	91	45	24	4	95	67	39	59	42	1	12	2	69	54	21	98	27	98	69	1	96	96	59	42	55	12	35	28	47	74	89	93	25	81	6	10	26	18	
20	81	31	21	35	15	62	70	91	81	75	42	67	23	15	100	63	6	30	12	13	6	49	82	54	4	59	1	62	35	37	2	18	57	63	20	82	7	30	53	22	34	7	40	47	70	52	99	95	8	
67	37	79	36	36	76	16	41	86	18	97	56	48	76	92	60	97	3	5	65	43	38	18	7	21	59	27	72	17	80	62	24	23	22	9	23	93	25	96	87	75	59	10	97	38	51	75	5	15	7	
39	42	73	37	50	62	23	34	44	22	12	38	98	94	74	40	7	52	24	77	44	62	7	81	98	1	72	61	59	99	36	96	49	57	87	6	10	81	23	80	89	40	70	4	100	91	13	40	43	36	
28	28	20	32	23	15	64	84	44	88	49	12	5	90	86	22	49	73	18	65	62	89	51	34	27	62	17	59	62	21	1	41	61	57	46	14	68	66	28	25	84	79	68	47	71	8	45	72	20	86	
77	29	75	96	32	56	37	50	57	23	46	85	3	68	6	92	35	1	18	70	26	30	10	65	98	35	80	99	21	78	52	14	84	6	60	44	81	81	38	78	18	87	32	26	48	85	100	65	56	11	
42	68	36	63	36	5	76	91	17	16	11	56	47	65	18	44	62	27	11	23	74	96	9	33	69	37	62	36	1	52	2	57	17	52	10	52	95	40	22	67	16	8	17	97	26	29	14	68	94	96	
2	69	4	84	81	57	72	3	95	82	2	100	61	61	24	18	52	71	78	21	80	67	35	41	1	2	24	96	41	14	57	73	6	39	38	76	83	100	68	9	91	30	22	43	3	25	69	2	43	6	
51	41	86	22	65	70	45	21	24	30	88	83	19	38	39	99	45	60	18	26	62	26	83	64	96	18	23	49	61	84	17	6	47	88	100	30	13	35	63	65	20	11	17	14	10	59	61	78	69	27	
95	71	83	100	16	13	53	54	54	63	19	63	17	77	81	20	55	23	89	72	5	22	74	55	96	57	22	57	57	6	52	39	88	5	4	15	28	79	57	82	26	1	71	13	54	84	43	54	29	32	
61	35	99	12	98	97	37	58	70	13	20	36	98	65	60	17	28	7	30	24	41	74	60	19	59	63	9	87	46	60	10	38	100	4	32	97	25	76	14	88	28	24	26	12	6	62	88	53	68	2	
79	83	99	92	67	96	63	79	12	27	18	59	70	83	89	38	67	49	8	89	74	26	69	5	42	20	23	6	14	44	52	76	30	15	97	61	7	2	82	43	90	58	2	15	36	7	2	84	55	36	
50	33	68	38	35	19	63	14	68	72	74	98	19	27	74	85	40	47	53	25	66	23	92	43	55	82	93	10	68	81	95	83	13	28	25	7	31	1	98	1	69	56	15	31	51	66	31	3	4	2	
87	99	66	79	85	89	38	81	27	99	26	36	25	13	79	56	69	31	73	34	81	63	96	69	12	7	25	81	66	81	40	100	35	79	76	2	1	5	74	73	49	2	19	18	33	23	90	56	63	82	
29	80	11	76	87	25	83	8	86	29	21	45	1	54	100	96	11	8	45	40	85	99	43	95	35	30	96	23	28	38	22	68	63	57	14	82	98	74	99	81	66	58	92	9	41	55	5	63	46	21	
82	6	8	23	100	73	30	48	79	4	9	74	46	11	10	34	55	9	73	17	10	18	72	81	28	53	87	80	25	78	67	9	65	82	88	43	1	73	81	87	8	54	90	37	17	2	1	36	95	63	
93	53	21	34	85	96	18	20	80	62	63	31	30	94	83	58	30	9	33	81	45	70	2	6	47	22	75	89	84	18	16	91	20	26	28	90	69	49	66	8	90	22	44	25	50	94	45	17	75	41	
89	61	43	67	17	39	30	67	98	49	16	16	19	71	14	52	75	98	83	8	17	11	34	89	74	34	59	40	79	87	8	30	11	1	24	58	56	2	58	54	22	93	46	61	97	62	54	88	36	93	
56	14	51	85	25	58	55	16	59	19	33	89	34	57	97	58	15	94	10	34	28	30	74	10	89	7	10	70	68	32	17	22	17	71	26	2	15	19	92	90	44	46	85	32	21	4	38	67	100	53	
42	19	82	74	13	30	67	37	78	10	95	70	84	49	52	83	23	64	85	55	23	66	4	53	93	40	97	4	47	26	97	43	14	13	12	15	31	18	9	37	25	61	32	68	50	2	1	77	36	37	
73	75	27	6	77	15	63	48	27	10	20	32	26	44	44	10	69	46	57	84	58	33	78	66	25	47	38	100	71	48	26	3	10	54	6	36	51	33	41	17	50	97	21	50	49	15	25	41	79	38	
68	39	27	63	51	39	58	55	33	12	72	62	69	96	13	83	78	65	81	13	14	57	80	21	81	70	51	91	8	85	29	25	59	84	62	7	66	23	55	2	94	62	4	2	15	88	46	11	10	96	
55	38	88	57	4	82	98	55	31	38	7	30	11	41	83	28	4	33	32	100	95	44	95	57	6	52	75	13	45	100	14	69	61	43	88	2	31	90	5	1	45	54	38	1	25	46	24	26	23	7	
41	45	34	70	41	7	83	20	35	72	43	76	10	20	43	46	59	62	71	41	73	44	69	49	10	99	5	40	72	65	68	2	78	54	53	84	3	56	63	36	17	88	67	77	41	11	26	90	20	89	
42	79	24	64	29	54	79	23	14	68	8	91	10	53	1	55	94	53	98	76	20	23	57	70	26	95	15	43	20	56	94	43	69	29	68	55	4	63	46	95	75	36	100	36	79	10	23	20	56	63	
5	25	19	8	24	15	46	53	28	70	36	70	70	23	24	36	32	8	73	61	95	1	75	5	18	8	7	36	86	11	96	6	27	32	2	36	2	82	21	63	41	93	53	37	38	96	7	89	63	56	
