50
1115
26	40	82	96	69	37	95	55	95	2	9	24	61	3	92	88	80	51	91	78	54	15	5	91	82	58	10	98	20	26	89	2	88	86	98	74	4	90	34	4	61	46	61	32	50	71	64	83	74	44	
27	52	77	71	4	80	10	22	89	41	68	31	14	99	22	81	35	90	8	25	13	46	18	29	2	50	96	92	93	89	64	45	99	81	31	97	37	90	28	41	79	42	8	81	33	48	56	26	99	50	
52	97	60	29	47	78	39	2	20	36	46	53	91	83	67	44	2	58	56	74	26	92	68	12	95	80	100	6	29	29	18	86	11	76	79	41	33	29	59	66	3	35	89	30	69	4	32	56	85	14	
77	60	96	37	75	73	52	5	73	29	58	35	24	34	50	65	3	9	21	39	98	68	99	34	35	91	28	75	29	57	58	88	13	18	76	2	8	92	40	94	25	20	90	60	6	87	38	6	97	53	
71	29	37	18	9	75	83	94	30	3	31	9	43	72	70	51	27	25	90	79	98	74	52	95	68	17	58	46	49	80	29	98	51	17	74	56	68	19	81	78	96	37	28	61	47	76	12	56	28	64	
4	47	75	9	79	23	14	51	3	27	85	15	53	42	55	93	55	34	16	26	24	53	77	35	61	99	28	49	2	73	5	25	98	34	98	42	40	69	69	25	55	85	21	35	97	73	66	51	61	51	
80	78	73	75	23	84	6	88	33	29	35	31	78	78	82	2	64	28	86	85	92	53	68	73	90	16	82	94	3	62	6	83	77	38	89	32	100	30	78	48	66	30	77	11	14	39	24	57	48	94	
10	39	52	83	14	6	77	44	43	70	58	23	55	9	68	79	22	81	95	48	55	86	77	23	87	34	40	39	69	67	16	98	61	40	56	34	46	81	73	36	49	93	33	7	41	34	18	15	14	20	
22	2	5	94	51	88	44	69	75	77	43	17	21	11	93	68	14	73	96	81	31	86	73	70	20	36	6	32	5	55	3	79	26	2	60	35	41	25	78	65	95	16	15	7	46	42	42	95	77	80	
89	20	73	30	3	33	43	75	26	74	51	70	40	2	83	30	92	37	15	12	61	72	27	53	45	24	27	11	21	23	9	73	77	17	11	57	41	82	55	70	6	88	3	80	48	78	91	66	75	1	
41	36	29	3	27	29	70	77	74	58	64	77	40	95	89	49	92	17	25	10	21	71	57	41	27	54	10	61	92	85	33	75	98	83	62	76	100	29	25	88	69	14	10	30	76	14	85	23	42	28	
68	46	58	31	85	35	58	43	51	64	55	15	8	36	82	34	23	6	25	18	59	57	26	90	42	84	52	67	2	26	68	80	84	67	52	89	85	40	8	10	81	3	78	4	1	22	76	88	10	87	
31	53	35	9	15	31	23	17	70	77	15	18	18	59	5	18	12	42	95	90	28	34	3	77	44	23	50	71	50	63	40	34	8	100	96	92	68	8	18	40	72	96	85	98	80	47	91	21	31	7	
14	91	24	43	53	78	55	21	40	40	8	18	46	78	81	48	29	70	89	46	50	78	50	81	13	92	64	91	69	15	66	76	61	93	14	77	6	4	74	51	9	17	12	69	33	28	59	35	17	83	
99	83	34	72	42	78	9	11	2	95	36	59	78	10	2	23	4	45	61	95	64	84	95	83	84	14	100	20	53	61	64	16	25	33	89	15	39	24	39	46	12	84	78	43	54	85	67	98	53	97	
22	67	50	70	55	82	68	93	83	89	82	5	81	2	36	91	62	62	88	47	96	41	42	39	16	87	54	21	57	94	6	57	95	10	84	45	81	21	95	73	19	91	49	16	82	54	47	19	22	23	
81	44	65	51	93	2	79	68	30	49	34	18	48	23	91	34	87	50	4	95	15	62	79	10	40	92	32	64	75	15	67	32	62	61	13	51	32	36	53	38	66	86	8	31	64	23	10	14	36	4	
35	2	3	27	55	64	22	14	92	92	23	12	29	4	62	87	34	37	54	97	70	52	13	90	46	57	32	60	72	53	44	49	6	7	34	87	78	81	100	72	59	35	20	9	17	89	54	49	76	89	
90	58	9	25	34	28	81	73	37	17	6	42	70	45	62	50	37	17	71	100	8	22	7	88	10	51	22	47	96	36	50	13	42	43	56	38	33	65	77	48	79	6	62	95	33	73	35	23	77	4	
8	56	21	90	16	86	95	96	15	25	25	95	89	61	88	4	54	71	46	43	41	97	99	90	80	27	17	26	87	75	94	1	52	73	58	82	68	52	23	58	57	58	33	13	15	14	90	78	15	65	
25	74	39	79	26	85	48	81	12	10	18	90	46	95	47	95	97	100	43	90	70	16	39	33	64	94	38	35	67	65	31	10	17	28	7	34	19	14	69	20	80	67	73	39	15	81	41	24	48	70	
13	26	98	98	24	92	55	31	61	21	59	28	50	64	96	15	70	8	41	70	70	11	67	68	2	99	99	54	35	57	54	93	28	65	53	68	14	68	99	66	90	51	42	58	38	42	52	14	14	74	
46	92	68	74	53	53	86	86	72	71	57	34	78	84	41	62	52	22	97	16	11	34	62	42	97	83	76	25	38	16	76	54	39	30	4	60	65	91	67	28	77	37	34	87	39	27	27	53	73	71	
18	68	99	52	77	68	77	73	27	57	26	3	50	95	42	79	13	7	99	39	67	62	78	27	1	22	85	100	62	76	10	83	81	23	41	88	23	16	57	26	79	14	20	5	71	81	42	25	25	56	
29	12	34	95	35	73	23	70	53	41	90	77	81	83	39	10	90	88	90	33	68	42	27	40	27	35	35	94	94	74	54	65	59	92	41	75	13	60	22	88	65	70	26	54	42	63	28	6	35	54	
2	95	35	68	61	90	87	20	45	27	42	44	13	84	16	40	46	10	80	64	2	97	1	27	97	41	45	34	33	24	37	66	36	85	54	17	88	85	2	52	27	3	84	25	71	8	13	81	96	70	
50	80	91	17	99	16	34	36	24	54	84	23	92	14	87	92	57	51	27	94	99	83	22	35	41	42	81	35	12	40	37	25	9	51	11	16	80	75	1	48	55	60	89	93	70	76	7	78	51	90	
96	100	28	58	28	82	40	6	27	10	52	50	64	100	54	32	32	22	17	38	99	76	85	35	45	81	82	42	79	58	30	44	66	32	8	9	79	39	80	30	98	79	91	40	26	33	90	56	82	35	
92	6	75	46	49	94	39	32	11	61	67	71	91	20	21	64	60	47	26	35	54	25	100	94	34	35	42	69	53	41	47	33	16	92	74	69	57	91	55	71	97	59	64	30	72	3	61	91	100	54	
93	29	29	49	2	3	69	5	21	92	2	50	69	53	57	75	72	96	87	67	35	38	62	94	33	12	79	53	83	25	19	9	43	2	23	33	75	33	82	35	5	70	5	91	36	76	63	18	40	1	
89	29	57	80	73	62	67	55	23	85	26	63	15	61	94	15	53	36	75	65	57	16	76	74	24	40	58	41	25	8	80	52	31	60	99	46	85	11	23	16	12	29	23	66	79	90	26	86	71	12	
64	18	58	29	5	6	16	3	9	33	68	40	66	64	6	67	44	50	94	31	54	76	10	54	37	37	30	47	19	80	5	71	52	16	85	54	66	46	75	94	74	30	7	33	42	58	37	26	58	96	
45	86	88	98	25	83	98	79	73	75	80	34	76	16	57	32	49	13	1	10	93	54	83	65	66	25	44	33	9	52	71	68	34	80	2	12	92	98	38	49	33	88	49	39	30	34	56	31	47	90	
99	11	13	51	98	77	61	26	77	98	84	8	61	25	95	62	6	42	52	17	28	39	81	59	36	9	66	16	43	31	52	34	65	18	95	43	77	10	76	77	16	88	75	96	93	6	13	47	19	55	
81	76	18	17	34	38	40	2	17	83	67	100	93	33	10	61	7	43	73	28	65	30	23	92	85	51	32	92	2	60	16	80	18	40	36	17	59	36	27	98	36	84	42	35	84	92	3	98	62	86	
31	79	76	74	98	89	56	60	11	62	52	96	14	89	84	13	34	56	58	7	53	4	41	41	54	11	8	74	23	99	85	2	95	36	78	84	63	41	72	97	35	27	9	18	94	64	30	1	2	92	
97	41	2	56	42	32	34	35	57	76	89	92	77	15	45	51	87	38	82	34	68	60	88	75	17	16	9	69	33	46	54	12	43	17	84	55	91	19	88	16	77	93	11	43	73	73	78	82	65	31	
37	33	8	68	40	100	46	41	41	100	85	68	6	39	81	32	78	33	68	19	14	65	23	13	88	80	79	57	75	85	66	92	77	59	63	91	49	36	60	71	100	92	96	73	94	6	98	19	6	21	
90	29	92	19	69	30	81	25	82	29	40	8	4	24	21	36	81	65	52	14	68	91	16	60	85	75	39	91	33	11	46	98	10	36	41	19	36	83	21	42	70	50	92	46	66	82	26	78	48	68	
28	59	40	81	69	78	73	78	55	25	8	18	74	39	95	53	100	77	23	69	99	67	57	22	2	1	80	55	82	23	75	38	76	27	72	88	60	21	73	26	43	62	83	93	44	71	55	86	28	66	
41	66	94	78	25	48	36	65	70	88	10	40	51	46	73	38	72	48	58	20	66	28	26	88	52	48	30	71	35	16	94	49	77	98	97	16	71	42	26	75	28	83	48	54	87	15	71	76	64	39	
79	3	25	96	55	66	49	95	6	69	81	72	9	12	19	66	59	79	57	80	90	77	79	65	27	55	98	97	5	12	74	33	16	36	35	77	100	70	43	28	33	60	8	25	38	37	62	65	44	44	
42	35	20	37	85	30	93	16	88	14	3	96	17	84	91	86	35	6	58	67	51	37	14	70	3	60	79	59	70	29	30	88	88	84	27	93	92	50	62	83	60	94	77	87	28	40	11	63	84	91	
8	89	90	28	21	77	33	15	3	10	78	85	12	78	49	8	20	62	33	73	42	34	20	26	84	89	91	64	5	23	7	49	75	42	9	11	96	92	83	48	8	77	16	64	84	20	4	98	58	10	
81	30	60	61	35	11	7	7	80	30	4	98	69	43	16	31	9	95	13	39	58	87	5	54	25	93	40	30	91	66	33	39	96	35	18	43	73	46	93	54	25	87	64	65	71	58	2	87	68	75	
33	69	6	47	97	14	41	46	48	76	1	80	33	54	82	64	17	33	15	15	38	39	71	42	71	70	26	72	36	79	42	30	93	84	94	73	94	66	44	87	38	28	84	71	81	19	78	73	46	9	
48	4	87	76	73	39	34	42	78	14	22	47	28	85	54	23	89	73	14	81	42	27	81	63	8	76	33	3	76	90	58	34	6	92	64	73	6	82	71	15	37	40	20	58	19	13	55	100	44	41	
56	32	38	12	66	24	18	42	91	85	76	91	59	67	47	10	54	35	90	41	52	27	42	28	13	7	90	61	63	26	37	56	13	3	30	78	98	26	55	71	62	11	4	2	78	55	70	21	26	79	
26	56	6	56	51	57	15	95	66	23	88	21	35	98	19	14	49	23	78	24	14	53	25	6	81	78	56	91	18	86	26	31	47	98	1	82	19	78	86	76	65	63	98	87	73	100	21	50	39	9	
99	85	97	28	61	48	14	77	75	42	10	31	17	53	22	36	76	77	15	48	14	73	25	35	96	51	82	100	40	71	58	47	19	62	2	65	6	48	28	64	44	84	58	68	46	44	26	39	100	7	
50	14	53	64	51	94	20	80	1	28	87	7	83	97	23	4	89	4	65	70	74	71	56	54	70	90	35	54	1	12	96	90	55	86	92	31	21	68	66	39	44	91	10	75	9	41	79	9	7	32	
