50
1271
73	52	79	43	64	33	45	53	39	60	78	21	92	1	30	91	21	36	40	30	77	65	97	21	76	85	20	16	65	83	84	82	95	39	36	38	77	29	21	60	20	46	21	40	86	64	10	30	89	24	
85	37	46	99	43	40	40	37	36	26	97	34	50	62	23	34	72	57	8	58	59	5	42	73	85	77	67	17	89	65	69	48	80	18	46	73	5	94	16	75	83	72	4	46	21	39	12	54	80	23	
37	61	78	76	30	76	29	95	17	2	21	35	15	90	75	45	20	17	92	8	5	71	58	3	16	84	49	45	91	63	25	73	17	29	28	91	39	76	50	82	48	80	69	65	13	88	33	45	92	60	
46	78	90	16	50	35	60	57	45	71	10	37	92	14	54	97	41	30	40	51	3	71	86	91	86	31	1	28	6	78	64	33	40	8	61	32	53	63	26	62	39	19	92	21	73	23	15	82	6	85	
99	76	16	56	16	74	79	25	11	34	27	86	10	3	46	16	93	57	84	12	1	28	85	31	59	20	33	44	48	74	69	73	29	4	33	57	96	14	15	40	75	4	44	57	12	5	97	87	11	64	
43	30	50	16	29	87	94	84	33	38	54	33	5	96	22	78	6	11	93	7	47	64	91	45	88	32	70	40	46	97	83	100	99	94	43	77	60	78	22	77	72	38	69	67	16	58	43	3	53	37	
40	76	35	74	87	26	29	39	91	20	14	34	55	4	70	95	45	4	58	96	24	6	17	96	76	53	5	32	38	37	14	98	21	59	54	4	74	8	47	26	89	19	16	95	68	91	60	86	75	100	
40	29	60	79	94	29	19	6	11	76	71	11	27	67	32	13	61	2	55	49	23	4	23	15	74	53	77	14	29	52	4	15	11	96	75	56	68	57	80	68	93	69	53	28	62	91	91	86	90	68	
37	95	57	25	84	39	6	78	18	34	86	43	41	34	10	14	27	59	65	95	97	30	60	41	68	57	51	65	61	66	90	86	21	97	49	91	77	100	77	66	87	24	46	90	56	4	21	26	100	45	
36	17	45	11	33	91	11	18	42	44	73	4	53	19	27	42	71	30	91	98	62	19	52	60	62	88	14	87	16	62	75	9	59	17	79	51	56	16	22	39	32	4	80	7	32	35	35	86	37	29	
26	2	71	34	38	20	76	34	44	52	74	83	71	41	4	65	33	23	43	83	66	52	78	76	4	70	84	38	61	40	76	15	48	27	38	80	65	43	65	75	72	90	16	38	14	87	47	79	18	18	
97	21	10	27	54	14	71	86	73	74	64	23	61	6	24	9	44	44	8	76	11	94	83	19	82	35	23	30	93	70	37	60	56	24	25	91	82	81	29	78	73	93	14	63	26	19	5	86	27	40	
34	35	37	86	33	34	11	43	4	83	23	54	24	60	24	75	79	35	49	40	4	55	84	88	29	61	76	7	46	83	73	81	13	59	92	49	60	94	87	8	89	17	96	27	77	61	79	100	58	28	
50	15	92	10	5	55	27	41	53	71	61	24	94	62	7	37	11	56	97	16	53	86	52	65	97	9	57	85	29	81	14	72	17	15	93	94	21	64	83	15	51	51	91	74	61	69	92	32	47	74	
62	90	14	3	96	4	67	34	19	41	6	60	62	6	64	48	21	56	99	14	50	65	82	72	40	97	50	22	24	30	13	18	43	23	28	99	96	8	49	79	47	89	70	2	44	32	24	17	67	32	
23	75	54	46	22	70	32	10	27	4	24	24	7	64	12	51	6	15	83	89	17	83	37	5	9	11	77	32	76	51	20	27	46	38	1	2	52	34	90	28	6	17	1	54	100	33	11	39	95	98	
34	45	97	16	78	95	13	14	42	65	9	75	37	48	51	44	54	47	71	31	65	74	64	94	97	20	8	21	58	38	64	46	38	82	44	8	86	97	74	64	29	43	83	25	32	75	67	28	25	14	
72	20	41	93	6	45	61	27	71	33	44	79	11	21	6	54	89	55	89	75	14	26	66	60	97	42	16	98	53	30	20	97	86	49	32	62	2	15	79	70	1	75	75	92	56	91	41	77	20	8	
57	17	30	57	11	4	2	59	30	23	44	35	56	56	15	47	55	17	6	21	14	64	84	80	11	36	40	36	39	8	61	14	88	17	21	99	70	11	78	44	82	34	58	92	33	60	66	63	42	57	
8	92	40	84	93	58	55	65	91	43	8	49	97	99	83	71	89	6	73	54	26	12	16	50	2	22	57	55	56	84	45	1	11	31	32	76	48	61	91	33	28	8	15	29	25	26	49	32	81	5	
58	8	51	12	7	96	49	95	98	83	76	40	16	14	89	31	75	21	54	50	6	30	81	60	96	6	33	47	74	95	75	35	42	25	68	37	38	87	50	30	100	79	19	28	95	7	89	52	29	52	
59	5	3	1	47	24	23	97	62	66	11	4	53	50	17	65	14	14	26	6	70	62	12	89	34	76	86	23	22	20	39	71	56	31	88	75	5	71	3	19	27	28	25	65	86	66	48	47	16	4	
5	71	71	28	64	6	4	30	19	52	94	55	86	65	83	74	26	64	12	30	62	2	91	49	39	7	12	17	23	46	30	38	73	97	99	70	38	83	65	92	59	94	25	97	99	72	51	32	10	23	
42	58	86	85	91	17	23	60	52	78	83	84	52	82	37	64	66	84	16	81	12	91	28	36	10	90	42	6	63	70	5	79	47	58	23	33	97	64	6	82	78	38	4	6	28	20	30	34	57	9	
73	3	91	31	45	96	15	41	60	76	19	88	65	72	5	94	60	80	50	60	89	49	36	43	46	9	17	89	65	40	78	82	59	43	87	4	100	96	59	79	76	48	66	57	98	19	53	16	96	80	
85	16	86	59	88	76	74	68	62	4	82	29	97	40	9	97	97	11	2	96	34	39	10	46	32	40	30	15	52	27	44	55	24	65	5	73	99	91	51	93	7	8	90	95	29	50	25	18	28	41	
77	84	31	20	32	53	53	57	88	70	35	61	9	97	11	20	42	36	22	6	76	7	90	9	40	80	69	68	52	83	95	50	32	25	76	65	4	42	21	38	33	92	20	81	36	90	35	78	56	22	
67	49	1	33	70	5	77	51	14	84	23	76	57	50	77	8	16	40	57	33	86	12	42	17	30	69	55	51	51	23	8	99	51	54	73	42	50	47	34	51	78	47	27	58	70	4	31	39	55	34	
17	45	28	44	40	32	14	65	87	38	30	7	85	22	32	21	98	36	55	47	23	17	6	89	15	68	51	97	86	23	12	94	73	70	32	46	32	52	77	93	79	7	14	39	67	53	94	80	84	90	
89	91	6	48	46	38	29	61	16	61	93	46	29	24	76	58	53	39	56	74	22	23	63	65	52	52	51	86	33	84	16	33	95	70	69	60	84	48	26	71	64	45	12	26	95	58	53	97	95	24	
65	63	78	74	97	37	52	66	62	40	70	83	81	30	51	38	30	8	84	95	20	46	70	40	27	83	23	23	84	70	70	81	50	37	75	76	54	8	57	48	38	32	61	82	34	68	14	8	42	18	
69	25	64	69	83	14	4	90	75	76	37	73	14	13	20	64	20	61	45	75	39	30	5	78	44	95	8	12	16	70	63	19	95	66	48	61	21	9	65	90	65	15	4	56	32	65	73	98	96	44	
48	73	33	73	100	98	15	86	9	15	60	81	72	18	27	46	97	14	1	35	71	38	79	82	55	50	99	94	33	81	19	78	5	25	1	46	60	31	44	82	12	40	43	78	30	34	34	93	62	66	
80	17	40	29	99	21	11	21	59	48	56	13	17	43	46	38	86	88	11	42	56	73	47	59	24	32	51	73	95	50	95	5	78	80	77	74	70	58	71	64	39	25	68	30	70	46	82	46	31	23	
18	29	8	4	94	59	96	97	17	27	24	59	15	23	38	82	49	17	31	25	31	97	58	43	65	25	54	70	70	37	66	25	80	89	29	32	50	52	51	12	81	99	31	47	64	33	72	1	84	11	
46	28	61	33	43	54	75	49	79	38	25	92	93	28	1	44	32	21	32	68	88	99	23	87	5	76	73	32	69	75	48	1	77	29	96	5	76	63	10	57	59	2	77	95	94	4	13	96	94	81	
73	91	32	57	77	4	56	91	51	80	91	49	94	99	2	8	62	99	76	37	75	70	33	4	73	65	42	46	60	76	61	46	74	32	5	67	27	85	94	6	72	17	41	82	41	80	36	29	87	20	
5	39	53	96	60	74	68	77	56	65	82	60	21	96	52	86	2	70	48	38	5	38	97	100	99	4	50	32	84	54	21	60	70	50	76	27	24	78	68	4	20	74	35	29	40	93	12	2	47	97	
94	76	63	14	78	8	57	100	16	43	81	94	64	8	34	97	15	11	61	87	71	83	64	96	91	42	47	52	48	8	9	31	58	52	63	85	78	71	10	61	2	14	10	39	10	8	19	82	57	76	
16	50	26	15	22	47	80	77	22	65	29	87	83	49	90	74	79	78	91	50	3	65	6	59	51	21	34	77	26	57	65	44	71	51	10	94	68	10	37	4	66	14	59	73	76	7	64	96	90	70	
75	82	62	40	77	26	68	66	39	75	78	8	15	79	28	64	70	44	33	30	19	92	82	79	93	38	51	93	71	48	90	82	64	12	57	6	4	61	4	99	34	35	93	35	83	73	72	2	92	3	
83	48	39	75	72	89	93	87	32	72	73	89	51	47	6	29	1	82	28	100	27	59	78	76	7	33	78	79	64	38	65	12	39	81	59	72	20	2	66	34	100	53	5	85	36	37	90	81	90	44	
72	80	19	4	38	19	69	24	4	90	93	17	51	89	17	43	75	34	8	79	28	94	38	48	8	92	47	7	45	32	15	40	25	99	2	17	74	14	14	35	53	30	37	2	69	30	12	47	90	12	
4	69	92	44	69	16	53	46	80	16	14	96	91	70	1	83	75	58	15	19	25	25	4	66	90	20	27	14	12	61	4	43	68	31	77	41	35	10	59	93	5	37	37	78	99	39	75	75	11	60	
46	65	21	57	67	95	28	90	7	38	63	27	74	2	54	25	92	92	29	28	65	97	6	57	95	81	58	39	26	82	56	78	30	47	95	82	29	39	73	35	85	2	78	23	32	99	83	72	13	12	
21	13	73	12	16	68	62	56	32	14	26	77	61	44	100	32	56	33	25	95	86	99	28	98	29	36	70	67	95	34	32	30	70	64	94	41	40	10	76	83	36	69	99	32	65	72	84	56	78	46	
39	88	23	5	58	91	91	4	35	87	19	61	69	32	33	75	91	60	26	7	66	72	20	19	50	90	4	53	58	68	65	34	46	33	4	80	93	8	7	73	37	30	39	99	72	96	71	71	8	68	
12	33	15	97	43	60	91	21	35	47	5	79	92	24	11	67	41	66	49	89	48	51	30	53	25	35	31	94	53	14	73	34	82	72	13	36	12	19	64	72	90	12	75	83	84	71	20	6	84	4	
54	45	82	87	3	86	86	26	86	79	86	100	32	17	39	28	77	63	32	52	47	32	34	16	18	78	39	80	97	8	98	93	46	1	96	29	2	82	96	2	81	47	75	72	56	71	6	33	50	42	
80	92	6	11	53	75	90	100	37	18	27	58	47	67	95	25	20	42	81	29	16	10	57	96	28	56	55	84	95	42	96	62	31	84	94	87	47	57	90	92	90	90	11	13	78	8	84	50	22	45	
23	60	85	64	37	100	68	45	29	18	40	28	74	32	98	14	8	57	5	52	4	23	9	80	41	22	34	90	24	18	44	66	23	11	81	20	97	76	70	3	44	12	60	12	46	68	4	42	45	57	
