50
1420
95	68	97	51	55	12	39	43	7	71	67	11	64	90	47	40	10	72	50	58	23	90	95	79	49	68	9	25	30	8	50	77	98	75	63	80	15	81	87	31	47	61	87	89	40	25	91	54	30	79	
86	7	49	48	80	94	91	61	21	83	37	35	15	47	27	64	69	65	31	48	9	77	1	67	4	11	4	80	19	59	11	53	71	26	92	100	80	4	1	17	80	78	9	42	88	39	95	60	80	84	
7	77	21	20	77	44	69	39	18	62	79	69	47	25	65	9	27	21	9	49	49	44	16	87	67	23	87	65	39	55	45	52	55	70	55	23	8	20	7	60	77	24	74	85	95	33	75	35	100	100	
49	21	20	34	10	22	49	80	49	49	30	65	59	41	88	89	24	13	55	52	57	69	92	48	83	45	98	80	43	61	38	28	76	3	5	10	57	27	47	93	72	63	54	56	10	11	23	66	41	45	
48	20	34	97	97	41	87	66	57	10	1	80	95	70	7	37	49	25	75	65	92	90	22	45	73	100	95	93	23	8	60	91	96	39	76	83	67	62	50	17	99	16	43	56	24	3	58	92	84	16	
80	77	10	97	30	97	52	58	92	83	14	11	100	72	33	6	30	96	51	76	76	80	37	34	57	14	20	33	28	83	62	19	62	66	42	9	84	65	83	52	39	52	4	27	79	93	32	27	51	14	
94	44	22	41	97	62	76	41	32	59	83	34	45	28	20	8	1	24	27	19	44	24	72	92	22	100	21	6	29	70	49	84	68	67	89	50	76	59	34	24	78	7	28	58	90	54	14	59	17	68	
91	69	49	87	52	76	4	96	40	30	64	56	52	98	28	47	65	14	62	2	32	53	21	54	64	98	16	39	44	3	80	39	88	22	11	92	30	23	4	82	93	8	63	65	38	43	30	90	49	10	
61	39	80	66	58	41	96	64	97	27	27	21	98	100	50	5	83	13	49	83	67	96	91	100	28	69	79	74	80	95	31	78	89	38	50	9	55	58	47	83	9	53	77	89	93	62	6	49	23	57	
21	18	49	57	92	32	40	97	44	48	14	17	69	93	43	36	47	100	14	9	35	61	42	15	64	33	50	41	25	61	22	81	85	88	41	5	56	100	9	71	56	22	96	94	44	4	13	26	20	97	
83	62	49	10	83	59	30	27	48	50	88	75	11	10	1	54	4	59	7	35	56	1	35	47	97	62	67	23	96	65	20	79	83	40	37	62	73	21	68	23	84	15	91	47	5	70	93	67	16	51	
37	79	30	1	14	83	64	27	14	88	36	53	94	84	51	20	49	50	29	38	72	55	34	7	62	10	81	65	82	66	11	50	98	17	70	1	84	55	84	40	50	95	27	40	100	2	77	9	35	40	
35	69	65	80	11	34	56	21	17	75	53	89	20	3	95	67	64	34	7	5	26	12	5	56	35	41	18	56	17	30	91	21	24	31	97	45	18	50	41	6	54	45	87	93	35	94	58	39	44	40	
15	47	59	95	100	45	52	98	69	11	94	20	47	13	63	72	35	79	82	91	95	59	60	47	92	11	6	1	67	95	20	35	10	41	86	39	90	52	66	17	77	84	81	29	49	92	59	39	27	53	
47	25	41	70	72	28	98	100	93	10	84	3	13	28	44	76	75	21	37	9	1	70	64	47	1	45	19	24	36	78	48	1	75	7	20	35	57	60	83	58	20	29	91	44	72	11	36	88	70	17	
27	65	88	7	33	20	28	50	43	1	51	95	63	44	64	51	82	39	23	15	38	54	30	93	84	70	18	35	14	29	24	40	75	82	24	39	85	93	44	100	28	94	81	83	22	100	21	98	63	2	
64	9	89	37	6	8	47	5	36	54	20	67	72	76	51	44	63	57	21	14	87	29	46	68	59	75	90	15	46	39	54	85	50	46	82	30	60	68	85	43	46	84	85	34	89	45	93	22	29	28	
69	27	24	49	30	1	65	83	47	4	49	64	35	75	82	63	100	75	54	87	98	67	6	93	65	35	55	70	91	26	92	20	6	100	62	96	83	28	74	34	8	24	43	91	35	59	25	55	89	18	
65	21	13	25	96	24	14	13	100	59	50	34	79	21	39	57	75	59	8	57	25	39	69	69	68	20	74	35	66	99	66	40	90	51	1	83	30	30	82	24	56	40	45	26	90	92	49	38	79	54	
31	9	55	75	51	27	62	49	14	7	29	7	82	37	23	21	54	8	60	53	92	99	81	75	89	59	69	83	62	60	88	65	28	40	28	32	76	18	3	87	14	13	51	62	37	6	7	52	68	39	
48	49	52	65	76	19	2	83	9	35	38	5	91	9	15	14	87	57	53	24	79	10	34	56	8	90	99	32	49	43	26	32	93	66	66	16	94	86	56	14	48	90	96	38	24	17	54	71	38	50	
9	49	57	92	76	44	32	67	35	56	72	26	95	1	38	87	98	25	92	79	46	95	61	63	8	15	32	17	10	52	81	31	62	44	83	53	15	65	95	33	48	60	26	15	50	47	22	3	69	45	
77	44	69	90	80	24	53	96	61	1	55	12	59	70	54	29	67	39	99	10	95	27	28	22	7	33	48	25	35	77	47	15	37	31	33	66	14	4	76	4	94	26	100	56	17	46	40	92	67	83	
1	16	92	22	37	72	21	91	42	35	34	5	60	64	30	46	6	69	81	34	61	28	5	79	41	72	18	92	38	51	6	50	10	91	41	64	100	60	83	78	42	60	64	43	25	40	72	23	55	57	
67	87	48	45	34	92	54	100	15	47	7	56	47	47	93	68	93	69	75	56	63	22	79	48	19	33	18	34	26	19	79	37	72	83	90	82	29	34	92	57	83	56	82	38	12	34	1	23	64	40	
4	67	83	73	57	22	64	28	64	97	62	35	92	1	84	59	65	68	89	8	8	7	41	19	100	63	86	99	64	10	16	23	60	87	68	72	78	72	99	39	32	71	37	34	74	53	55	99	64	92	
11	23	45	100	14	100	98	69	33	62	10	41	11	45	70	75	35	20	59	90	15	33	72	33	63	83	61	79	57	57	96	78	99	89	52	87	72	99	60	34	36	50	3	54	64	32	34	85	55	66	
4	87	98	95	20	21	16	79	50	67	81	18	6	19	18	90	55	74	69	99	32	48	18	18	86	61	70	52	23	55	94	27	31	65	49	16	63	54	100	64	35	49	62	70	50	15	94	79	77	75	
80	65	80	93	33	6	39	74	41	23	65	56	1	24	35	15	70	35	83	32	17	25	92	34	99	79	52	83	41	78	17	99	94	33	27	76	28	18	31	24	82	56	45	51	29	14	16	39	98	71	
19	39	43	23	28	29	44	80	25	96	82	17	67	36	14	46	91	66	62	49	10	35	38	26	64	57	23	41	53	85	11	72	39	63	42	43	3	96	40	52	27	70	6	68	26	58	81	28	68	55	
59	55	61	8	83	70	3	95	61	65	66	30	95	78	29	39	26	99	60	43	52	77	51	19	10	57	55	78	85	61	68	37	34	72	41	22	19	52	49	77	71	16	23	91	49	71	20	2	74	30	
11	45	38	60	62	49	80	31	22	20	11	91	20	48	24	54	92	66	88	26	81	47	6	79	16	96	94	17	11	68	62	54	81	56	61	55	71	93	28	36	51	2	35	28	56	68	30	93	5	27	
53	52	28	91	19	84	39	78	81	79	50	21	35	1	40	85	20	40	65	32	31	15	50	37	23	78	27	99	72	37	54	16	69	19	61	72	72	59	100	79	23	60	43	63	15	24	67	88	52	62	
71	55	76	96	62	68	88	89	85	83	98	24	10	75	75	50	6	90	28	93	62	37	10	72	60	99	31	94	39	34	81	69	19	3	75	55	17	71	58	87	15	98	44	29	37	26	56	84	86	24	
26	70	3	39	66	67	22	38	88	40	17	31	41	7	82	46	100	51	40	66	44	31	91	83	87	89	65	33	63	72	56	19	3	76	86	51	52	44	92	4	22	94	39	84	32	95	51	73	11	15	
92	55	5	76	42	89	11	50	41	37	70	97	86	20	24	82	62	1	28	66	83	33	41	90	68	52	49	27	42	41	61	61	75	86	49	21	97	43	53	77	41	3	11	1	50	79	52	59	59	66	
100	23	10	83	9	50	92	9	5	62	1	45	39	35	39	30	96	83	32	16	53	66	64	82	72	87	16	76	43	22	55	72	55	51	21	95	19	1	83	76	80	43	2	54	97	7	33	13	44	31	
80	8	57	67	84	76	30	55	56	73	84	18	90	57	85	60	83	30	76	94	15	14	100	29	78	72	63	28	3	19	71	72	17	52	97	19	4	24	85	100	66	27	95	33	21	34	100	29	13	1	
4	20	27	62	65	59	23	58	100	21	55	50	52	60	93	68	28	30	18	86	65	4	60	34	72	99	54	18	96	52	93	59	71	44	43	1	24	87	24	51	13	44	77	51	71	100	64	81	37	3	
1	7	47	50	83	34	4	47	9	68	84	41	66	83	44	85	74	82	3	56	95	76	83	92	99	60	100	31	40	49	28	100	58	92	53	83	85	24	95	98	40	54	56	33	89	49	81	66	33	11	
17	60	93	17	52	24	82	83	71	23	40	6	17	58	100	43	34	24	87	14	33	4	78	57	39	34	64	24	52	77	36	79	87	4	77	76	100	51	98	68	33	77	60	22	25	82	99	92	15	12	
80	77	72	99	39	78	93	9	56	84	50	54	77	20	28	46	8	56	14	48	48	94	42	83	32	36	35	82	27	71	51	23	15	22	41	80	66	13	40	33	96	95	93	60	6	98	55	34	66	31	
78	24	63	16	52	7	8	53	22	15	95	45	84	29	94	84	24	40	13	90	60	26	60	56	71	50	49	56	70	16	2	60	98	94	3	43	27	44	54	77	95	64	56	96	9	4	61	46	86	11	
9	74	54	43	4	28	63	77	96	91	27	87	81	91	81	85	43	45	51	96	26	100	64	82	37	3	62	45	6	23	35	43	44	39	11	2	95	77	56	60	93	56	41	14	55	84	59	3	81	33	
42	85	56	56	27	58	65	89	94	47	40	93	29	44	83	34	91	26	62	38	15	56	43	38	34	54	70	51	68	91	28	63	29	84	1	54	33	51	33	22	60	96	14	44	16	100	5	39	68	92	
88	95	10	24	79	90	38	93	44	5	100	35	49	72	22	89	35	90	37	24	50	17	25	12	74	64	50	29	26	49	56	15	37	32	50	97	21	71	89	25	6	9	55	16	69	36	7	40	43	72	
39	33	11	3	93	54	43	62	4	70	2	94	92	11	100	45	59	92	6	17	47	46	40	34	53	32	15	14	58	71	68	24	26	95	79	7	34	100	49	82	98	4	84	100	36	5	6	70	23	5	
95	75	23	58	32	14	30	6	13	93	77	58	59	36	21	93	25	49	7	54	22	40	72	1	55	34	94	16	81	20	30	67	56	51	52	33	100	64	81	99	55	61	59	5	7	6	1	75	86	18	
60	35	66	92	27	59	90	49	26	67	9	39	39	88	98	22	55	38	52	71	3	92	23	23	99	85	79	39	28	2	93	88	84	73	59	13	29	81	66	92	34	46	3	39	40	70	75	18	7	51	
80	100	41	84	51	17	49	23	20	16	35	44	27	70	63	29	89	79	68	38	69	67	55	64	64	55	77	98	68	74	5	52	86	11	59	44	13	37	33	15	66	86	81	68	43	23	86	7	86	12	
84	100	45	16	14	68	10	57	97	51	40	40	53	17	2	28	18	54	39	50	45	83	57	40	92	66	75	71	55	30	27	62	24	15	66	31	1	3	11	12	31	11	33	92	72	5	18	51	12	58	
