50
1208
100	91	8	48	78	42	51	72	16	58	42	83	19	15	44	36	37	28	16	46	19	31	38	43	62	38	23	20	59	81	47	76	98	93	6	74	58	25	4	44	71	29	69	23	55	30	91	17	18	82	
35	54	64	17	58	58	75	12	82	11	80	37	11	98	65	48	30	44	25	33	30	27	19	84	76	52	30	46	99	11	59	85	61	92	89	71	70	58	81	33	44	78	22	92	50	68	88	13	2	64	
54	68	14	22	79	6	20	11	77	53	19	74	67	88	66	10	34	66	22	43	62	23	35	13	35	5	16	44	35	88	19	98	71	92	14	81	8	93	91	63	72	5	31	84	34	13	70	92	71	43	
64	14	52	2	21	98	60	67	16	50	9	76	96	71	87	70	86	17	56	65	100	83	33	3	49	58	50	91	27	48	56	6	15	17	14	73	75	57	77	43	6	44	69	57	22	7	33	66	77	5	
17	22	2	4	51	43	71	33	30	42	66	63	19	94	77	80	94	12	96	68	75	47	63	70	80	4	75	88	11	27	30	18	46	66	19	92	75	37	84	100	43	87	10	38	53	98	49	76	49	24	
58	79	21	51	19	82	22	31	88	70	60	71	84	34	77	45	27	52	85	84	71	100	91	55	8	48	42	74	17	30	89	38	6	47	5	44	78	93	30	89	45	92	88	72	52	24	77	29	58	99	
58	6	98	43	82	24	64	40	69	100	26	56	96	26	65	29	22	23	65	47	39	68	35	96	85	24	28	95	90	40	80	87	21	82	29	8	57	30	38	67	47	31	61	42	93	1	89	31	24	56	
75	20	60	71	22	64	58	12	1	37	86	62	70	3	6	42	11	2	37	58	73	76	31	67	65	47	75	97	100	10	71	89	55	1	41	37	18	71	21	73	55	54	95	88	64	10	87	33	30	1	
12	11	67	33	31	40	12	63	82	54	78	40	5	76	20	47	59	44	66	55	100	23	86	59	70	60	4	26	85	74	2	7	45	3	55	4	90	7	50	89	15	99	27	51	60	44	6	100	8	27	
82	77	16	30	88	69	1	82	69	45	52	47	61	58	50	49	3	14	13	81	33	27	50	12	31	87	75	18	89	52	31	86	48	72	63	93	2	81	37	35	71	21	96	98	46	10	90	78	95	66	
11	53	50	42	70	100	37	54	45	69	75	85	10	35	96	7	23	53	90	45	97	1	80	22	84	88	62	87	4	51	86	51	71	33	90	53	59	28	82	85	74	83	23	13	33	33	86	97	100	1	
80	19	9	66	60	26	86	78	52	75	68	48	65	66	74	19	48	27	17	23	7	19	52	1	4	88	69	21	87	42	36	54	22	75	73	48	48	73	97	26	46	78	22	2	30	82	71	38	32	30	
37	74	76	63	71	56	62	40	47	85	48	83	87	72	62	32	30	63	21	76	40	80	99	100	57	98	2	8	19	99	51	89	56	71	22	38	49	79	37	98	96	19	50	80	9	29	31	7	50	43	
11	67	96	19	84	96	70	5	61	10	65	87	2	10	89	39	71	18	26	28	84	82	55	97	41	36	26	88	7	68	68	34	88	65	75	11	95	68	6	5	40	49	26	62	51	80	27	57	57	43	
98	88	71	94	34	26	3	76	58	35	66	72	10	50	44	17	94	47	64	18	74	71	74	14	96	8	48	91	99	83	64	44	39	64	76	34	64	32	58	49	62	59	6	39	81	54	66	19	63	52	
65	66	87	77	77	65	6	20	50	96	74	62	89	44	3	14	76	28	28	89	23	45	75	40	8	76	85	35	76	52	27	49	21	25	75	25	29	84	65	36	58	21	30	97	100	14	58	98	14	62	
48	10	70	80	45	29	42	47	49	7	19	32	39	17	14	1	56	26	33	17	30	3	54	73	11	56	66	53	55	15	5	60	84	68	65	13	77	45	45	47	63	51	38	98	68	43	11	55	77	89	
30	34	86	94	27	22	11	59	3	23	48	30	71	94	76	56	31	99	12	96	42	19	28	56	48	43	20	48	26	51	83	30	90	76	58	19	77	56	20	43	73	12	40	3	85	92	89	28	24	11	
44	66	17	12	52	23	2	44	14	53	27	63	18	47	28	26	99	48	83	62	18	20	87	95	17	34	80	84	29	14	14	27	16	12	13	96	70	12	5	39	5	87	59	10	84	53	47	75	58	54	
25	22	56	96	85	65	37	66	13	90	17	21	26	64	28	33	12	83	23	84	83	39	48	91	52	89	22	39	55	45	1	51	69	6	15	46	72	33	67	32	74	44	73	2	46	53	38	81	79	14	
33	43	65	68	84	47	58	55	81	45	23	76	28	18	89	17	96	62	84	58	29	43	56	42	74	71	96	40	51	52	23	76	65	28	85	37	67	42	35	9	84	55	9	91	58	76	7	73	68	71	
30	62	100	75	71	39	73	100	33	97	7	40	84	74	23	30	42	18	83	29	79	78	88	34	51	75	12	37	28	21	45	19	53	63	25	15	24	27	99	36	67	26	66	98	49	62	46	92	57	48	
27	23	83	47	100	68	76	23	27	1	19	80	82	71	45	3	19	20	39	43	78	11	78	29	3	38	23	10	2	34	20	96	66	42	81	99	80	36	41	31	85	99	5	20	33	42	91	55	4	85	
19	35	33	63	91	35	31	86	50	80	52	99	55	74	75	54	28	87	48	56	88	78	36	4	49	64	86	15	29	97	60	73	51	8	90	59	80	63	35	67	98	40	33	30	90	74	22	83	68	89	
84	13	3	70	55	96	67	59	12	22	1	100	97	14	40	73	56	95	91	42	34	29	4	94	62	88	97	26	71	56	83	39	86	70	47	97	60	98	63	21	43	62	4	77	74	9	54	90	78	32	
76	35	49	80	8	85	65	70	31	84	4	57	41	96	8	11	48	17	52	74	51	3	49	62	3	49	37	61	3	71	66	72	27	78	2	26	54	78	100	29	3	82	86	25	88	87	64	61	83	88	
52	5	58	4	48	24	47	60	87	88	88	98	36	8	76	56	43	34	89	71	75	38	64	88	49	88	36	1	71	40	91	83	66	40	1	94	6	86	70	34	81	71	71	56	70	34	66	36	21	92	
30	16	50	75	42	28	75	4	75	62	69	2	26	48	85	66	20	80	22	96	12	23	86	97	37	36	86	23	56	40	28	2	96	94	5	86	88	20	24	42	27	76	92	53	71	12	75	31	62	30	
46	44	91	88	74	95	97	26	18	87	21	8	88	91	35	53	48	84	39	40	37	10	15	26	61	1	23	80	67	43	96	9	42	88	49	71	99	20	99	84	56	24	84	99	30	63	85	45	52	78	
99	35	27	11	17	90	100	85	89	4	87	19	7	99	76	55	26	29	55	51	28	2	29	71	3	71	56	67	37	25	51	10	19	93	29	1	74	71	28	17	70	45	71	90	75	22	52	9	83	41	
11	88	48	27	30	40	10	74	52	51	42	99	68	83	52	15	51	14	45	52	21	34	97	56	71	40	40	43	25	16	67	57	46	45	81	38	76	92	74	59	71	10	85	52	92	55	78	48	26	6	
59	19	56	30	89	80	71	2	31	86	36	51	68	64	27	5	83	14	1	23	45	20	60	83	66	91	28	96	51	67	84	31	2	20	98	85	14	51	38	39	66	44	98	16	45	62	24	67	50	19	
85	98	6	18	38	87	89	7	86	51	54	89	34	44	49	60	30	27	51	76	19	96	73	39	72	83	2	9	10	57	31	98	98	1	7	55	37	74	80	38	86	58	88	33	71	31	13	85	52	16	
61	71	15	46	6	21	55	45	48	71	22	56	88	39	21	84	90	16	69	65	53	66	51	86	27	66	96	42	19	46	2	98	16	59	3	35	61	78	67	12	28	33	45	8	53	85	13	16	23	78	
92	92	17	66	47	82	1	3	72	33	75	71	65	64	25	68	76	12	6	28	63	42	8	70	78	40	94	88	93	45	20	1	59	16	30	87	18	81	91	62	10	79	87	23	1	17	38	17	60	90	
89	14	14	19	5	29	41	55	63	90	73	22	75	76	75	65	58	13	15	85	25	81	90	47	2	1	5	49	29	81	98	7	3	30	14	3	24	92	56	84	28	72	19	4	94	18	78	72	46	52	
71	81	73	92	44	8	37	4	93	53	48	38	11	34	25	13	19	96	46	37	15	99	59	97	26	94	86	71	1	38	85	55	35	87	3	75	10	43	6	98	16	1	12	5	59	81	73	3	19	70	
70	8	75	75	78	57	18	90	2	59	48	49	95	64	29	77	77	70	72	67	24	80	80	60	54	6	88	99	74	76	14	37	61	18	24	10	26	12	40	20	70	98	22	87	10	60	82	42	53	55	
58	93	57	37	93	30	71	7	81	28	73	79	68	32	84	45	56	12	33	42	27	36	63	98	78	86	20	20	71	92	51	74	78	81	92	43	12	7	2	37	99	23	34	76	26	45	82	8	11	46	
81	91	77	84	30	38	21	50	37	82	97	37	6	58	65	45	20	5	67	35	99	41	35	63	100	70	24	99	28	74	38	80	67	91	56	6	40	2	97	7	11	46	96	97	72	24	75	27	77	38	
33	63	43	100	89	67	73	89	35	85	26	98	5	49	36	47	43	39	32	9	36	31	67	21	29	34	42	84	17	59	39	38	12	62	84	98	20	37	7	36	30	82	47	11	61	92	22	37	57	12	
44	72	6	43	45	47	55	15	71	74	46	96	40	62	58	63	73	5	74	84	67	85	98	43	3	81	27	56	70	71	66	86	28	10	28	16	70	99	11	30	11	49	81	1	52	30	9	50	97	77	
78	5	44	87	92	31	54	99	21	83	78	19	49	59	21	51	12	87	44	55	26	99	40	62	82	71	76	24	45	10	44	58	33	79	72	1	98	23	46	82	49	77	13	84	98	73	75	68	29	35	
22	31	69	10	88	61	95	27	96	23	22	50	26	6	30	38	40	59	73	9	66	5	33	4	86	71	92	84	71	85	98	88	45	87	19	12	22	34	96	47	81	13	33	22	37	100	89	88	88	11	
92	84	57	38	72	42	88	51	98	13	2	80	62	39	97	98	3	10	2	91	98	20	30	77	25	56	53	99	90	52	16	33	8	23	4	5	87	76	97	11	1	84	22	71	9	21	30	81	50	21	
50	34	22	53	52	93	64	60	46	33	30	9	51	81	100	68	85	84	46	58	49	33	90	74	88	70	71	30	75	92	45	71	53	1	94	59	10	26	72	61	52	98	37	9	37	11	8	95	76	97	
68	13	7	98	24	1	10	44	10	33	82	29	80	54	14	43	92	53	53	76	62	42	74	9	87	34	12	63	22	55	62	31	85	17	18	81	60	45	24	92	30	73	100	21	11	51	59	37	64	30	
88	70	33	49	77	89	87	6	90	86	71	31	27	66	58	11	89	47	38	7	46	91	22	54	64	66	75	85	52	78	24	13	13	38	78	73	82	82	75	22	9	75	89	30	8	59	87	70	71	87	
13	92	66	76	29	31	33	100	78	97	38	7	57	19	98	55	28	75	81	73	92	55	83	90	61	36	31	45	9	48	67	85	16	17	72	3	42	8	27	37	50	68	88	81	95	37	70	94	60	30	
2	71	77	49	58	24	30	8	95	100	32	50	57	63	14	77	24	58	79	68	57	4	68	78	83	21	62	52	83	26	50	52	23	60	46	19	53	11	77	57	97	29	88	50	76	64	71	60	47	17	
64	43	5	24	99	56	1	27	66	1	30	43	43	52	62	89	11	54	14	71	48	85	89	32	88	92	30	78	41	6	19	16	78	90	52	70	55	46	38	12	77	35	11	21	97	30	87	30	17	52	
