50
1045
81	4	27	52	16	83	39	27	56	82	10	93	31	39	61	58	71	60	66	37	9	57	7	58	53	13	24	31	56	13	54	2	10	90	12	80	69	71	1	11	72	63	72	57	59	61	68	43	54	82	
72	80	34	93	45	77	10	61	24	91	23	60	50	28	51	47	79	24	14	22	87	41	44	20	89	67	79	83	63	44	25	7	4	50	97	100	45	5	27	98	36	95	46	11	73	31	91	37	46	73	
80	100	75	85	58	91	21	82	40	95	64	30	93	94	70	69	62	75	18	7	17	74	41	90	87	3	45	92	58	100	8	53	2	29	85	90	48	70	91	6	60	51	75	64	36	42	63	56	94	57	
34	75	44	52	47	66	77	26	24	9	8	29	91	11	87	32	9	80	89	38	95	51	97	66	83	93	31	30	82	46	43	15	15	17	44	4	86	77	26	3	38	10	79	80	10	71	83	20	51	42	
93	85	52	14	22	26	1	12	73	97	27	11	95	17	84	38	46	90	51	75	99	48	20	11	6	60	53	21	40	1	33	24	59	44	50	69	72	13	42	16	8	28	13	81	44	41	3	47	44	20	
45	58	47	22	43	5	39	33	11	37	73	55	92	8	86	58	15	45	56	45	42	7	26	55	2	26	51	96	17	15	62	10	100	45	6	75	31	27	40	33	15	32	17	47	1	27	76	76	1	48	
77	91	66	26	5	70	39	77	69	54	38	31	49	87	38	83	100	95	41	32	50	72	66	67	90	39	9	91	21	23	58	96	20	36	62	13	88	78	30	62	98	51	74	33	73	98	65	74	55	55	
10	21	77	1	39	39	33	27	81	49	24	22	8	14	37	36	21	56	100	50	82	35	4	3	2	38	81	47	59	53	97	15	70	79	75	77	39	18	75	98	22	7	26	78	96	80	4	94	23	79	
61	82	26	12	33	77	27	44	62	88	45	81	100	22	48	76	23	75	81	83	65	77	30	40	80	17	94	67	2	61	17	77	51	95	36	21	16	12	21	71	43	66	13	17	40	18	13	36	60	90	
24	40	24	73	11	69	81	62	3	71	38	97	62	72	80	2	8	57	51	7	24	93	77	27	52	50	40	13	7	84	84	45	4	46	23	44	26	5	91	88	15	27	88	39	30	88	8	78	33	26	
91	95	9	97	37	54	49	88	71	34	100	87	33	15	14	38	42	68	82	2	47	13	61	78	73	43	72	50	60	68	44	28	65	4	89	29	49	38	18	99	39	6	28	66	95	64	80	77	59	56	
23	64	8	27	73	38	24	45	38	100	2	50	22	67	66	46	25	51	86	53	57	60	32	35	48	37	47	50	37	18	27	18	39	85	100	48	58	34	23	43	29	75	21	11	59	80	56	57	51	16	
60	30	29	11	55	31	22	81	97	87	50	12	5	1	68	27	82	70	15	70	67	73	86	19	91	29	34	17	17	18	25	87	13	99	5	27	61	98	96	66	82	59	52	97	90	47	86	58	15	100	
50	93	91	95	92	49	8	100	62	33	22	5	73	81	41	64	46	98	53	21	65	8	81	81	89	5	34	37	18	49	74	77	54	77	58	93	57	44	8	82	89	67	53	54	4	97	37	62	14	66	
28	94	11	17	8	87	14	22	72	15	67	1	81	23	32	43	90	18	58	69	8	22	63	59	2	79	14	66	32	65	83	59	42	82	27	77	12	66	23	89	87	33	18	59	82	31	49	19	95	2	
51	70	87	84	86	38	37	48	80	14	66	68	41	32	99	57	44	13	6	99	7	24	88	59	52	83	38	12	75	48	47	65	58	73	64	76	82	50	68	28	43	86	7	25	45	50	53	30	66	45	
47	69	32	38	58	83	36	76	2	38	46	27	64	43	57	85	88	2	48	5	37	56	56	86	97	74	12	22	3	41	29	96	34	67	51	33	5	99	65	31	76	66	93	64	59	44	65	36	61	21	
79	62	9	46	15	100	21	23	8	42	25	82	46	90	44	88	58	10	14	70	11	14	36	65	15	33	1	31	45	86	43	71	78	32	70	68	96	8	23	50	37	31	99	9	45	86	29	80	38	41	
24	75	80	90	45	95	56	75	57	68	51	70	98	18	13	2	10	53	31	4	71	61	55	82	91	48	99	48	20	28	13	100	84	75	38	47	42	43	31	36	9	5	79	48	13	75	79	95	80	1	
14	18	89	51	56	41	100	81	51	82	86	15	53	58	6	48	14	31	2	7	92	86	12	83	51	85	25	58	93	96	65	41	87	15	35	85	7	19	39	49	8	68	19	48	22	45	71	55	36	6	
22	7	38	75	45	32	50	83	7	2	53	70	21	69	99	5	70	4	7	80	4	94	31	33	26	38	37	100	23	35	20	92	14	41	68	61	44	33	22	26	9	4	47	50	89	38	24	3	40	38	
87	17	95	99	42	50	82	65	24	47	57	67	65	8	7	37	11	71	92	4	67	23	28	100	78	20	87	17	40	88	80	79	100	12	37	3	23	7	1	8	45	81	96	67	49	32	42	98	1	36	
41	74	51	48	7	72	35	77	93	13	60	73	8	22	24	56	14	61	86	94	23	100	29	40	94	68	21	86	18	60	62	47	56	43	93	39	19	75	37	40	27	97	29	88	52	1	69	73	65	9	
44	41	97	20	26	66	4	30	77	61	32	86	81	63	88	56	36	55	12	31	28	29	77	59	96	3	4	42	55	57	51	54	70	100	100	5	44	83	27	50	22	17	89	79	30	65	99	38	13	63	
20	90	66	11	55	67	3	40	27	78	35	19	81	59	59	86	65	82	83	33	100	40	59	65	29	81	74	80	100	72	83	89	65	27	28	91	39	74	17	43	12	9	35	41	36	30	72	65	2	51	
89	87	83	6	2	90	2	80	52	73	48	91	89	2	52	97	15	91	51	26	78	94	96	29	35	38	82	54	73	52	7	26	12	98	8	23	95	96	38	43	36	43	28	41	27	89	9	20	83	48	
67	3	93	60	26	39	38	17	50	43	37	29	5	79	83	74	33	48	85	38	20	68	3	81	38	52	71	95	12	87	99	78	23	1	89	98	98	2	82	57	90	22	6	8	7	71	46	96	30	87	
79	45	31	53	51	9	81	94	40	72	47	34	34	14	38	12	1	99	25	37	87	21	4	74	82	71	77	4	57	2	39	53	32	55	58	85	5	98	88	28	45	56	75	79	12	49	91	16	89	54	
83	92	30	21	96	91	47	67	13	50	50	17	37	66	12	22	31	48	58	100	17	86	42	80	54	95	4	7	23	50	55	2	79	96	91	39	68	56	71	100	2	84	35	30	67	9	98	15	43	79	
63	58	82	40	17	21	59	2	7	60	37	17	18	32	75	3	45	20	93	23	40	18	55	100	73	12	57	23	90	91	10	63	16	46	10	21	20	48	14	3	18	52	8	98	1	13	99	16	17	42	
44	100	46	1	15	23	53	61	84	68	18	18	49	65	48	41	86	28	96	35	88	60	57	72	52	87	2	50	91	95	51	83	26	17	2	20	56	84	77	34	12	87	35	36	80	37	55	34	31	65	
25	8	43	33	62	58	97	17	84	44	27	25	74	83	47	29	43	13	65	20	80	62	51	83	7	99	39	55	10	51	30	39	48	45	61	57	92	95	6	22	38	70	31	29	1	88	34	70	91	99	
7	53	15	24	10	96	15	77	45	28	18	87	77	59	65	96	71	100	41	92	79	47	54	89	26	78	53	2	63	83	39	46	62	80	25	43	61	78	96	91	60	94	24	75	92	85	45	98	68	11	
4	2	15	59	100	20	70	51	4	65	39	13	54	42	58	34	78	84	87	14	100	56	70	65	12	23	32	79	16	26	48	62	71	57	21	78	22	98	4	79	3	1	21	6	36	17	90	3	40	71	
50	29	17	44	45	36	79	95	46	4	85	99	77	82	73	67	32	75	15	41	12	43	100	27	98	1	55	96	46	17	45	80	57	30	52	65	76	92	17	85	51	67	58	96	6	59	12	28	2	84	
97	85	44	50	6	62	75	36	23	89	100	5	58	27	64	51	70	38	35	68	37	93	100	28	8	89	58	91	10	2	61	25	21	52	72	6	57	32	22	42	16	30	94	96	50	94	17	77	52	70	
100	90	4	69	75	13	77	21	44	29	48	27	93	77	76	33	68	47	85	61	3	39	5	91	23	98	85	39	21	20	57	43	78	65	6	86	25	50	16	60	16	40	60	92	100	3	51	64	64	9	
45	48	86	72	31	88	39	16	26	49	58	61	57	12	82	5	96	42	7	44	23	19	44	39	95	98	5	68	20	56	92	61	22	76	57	25	22	98	82	29	9	21	16	99	19	87	96	31	85	82	
5	70	77	13	27	78	18	12	5	38	34	98	44	66	50	99	8	43	19	33	7	75	83	74	96	2	98	56	48	84	95	78	98	92	32	50	98	74	94	85	30	31	4	6	77	28	53	27	13	77	
27	91	26	42	40	30	75	21	91	18	23	96	8	23	68	65	23	31	39	22	1	37	27	17	38	82	88	71	14	77	6	96	4	17	22	16	82	94	85	36	54	46	42	3	59	34	40	54	3	13	
98	6	3	16	33	62	98	71	88	99	43	66	82	89	28	31	50	36	49	26	8	40	50	43	43	57	28	100	3	34	22	91	79	85	42	60	29	85	36	63	64	67	19	94	8	42	21	32	27	54	
36	60	38	8	15	98	22	43	15	39	29	82	89	87	43	76	37	9	8	9	45	27	22	12	36	90	45	2	18	12	38	60	3	51	16	16	9	30	54	64	38	53	69	43	23	95	5	98	15	96	
95	51	10	28	32	51	7	66	27	6	75	59	67	33	86	66	31	5	68	4	81	97	17	9	43	22	56	84	52	87	70	94	1	67	30	40	21	31	46	67	53	63	35	42	28	49	49	22	92	78	
46	75	79	13	17	74	26	13	88	28	21	52	53	18	7	93	99	79	19	47	96	29	89	35	28	6	75	35	8	35	31	24	21	58	94	60	16	4	42	19	69	35	65	13	12	67	54	78	36	89	
11	64	80	81	47	33	78	17	39	66	11	97	54	59	25	64	9	48	48	50	67	88	79	41	41	8	79	30	98	36	29	75	6	96	96	92	99	6	3	94	43	42	13	67	28	52	3	94	38	77	
73	36	10	44	1	73	96	40	30	95	59	90	4	82	45	59	45	13	22	89	49	52	30	36	27	7	12	67	1	80	1	92	36	6	50	100	19	77	59	8	23	28	12	28	18	24	16	95	13	10	
31	42	71	41	27	98	80	18	88	64	80	47	97	31	50	44	86	75	45	38	32	1	65	30	89	71	49	9	13	37	88	85	17	59	94	3	87	28	34	42	95	49	67	52	24	84	38	15	25	19	
91	63	83	3	76	65	4	13	8	80	56	86	37	49	53	65	29	79	71	24	42	69	99	72	9	46	91	98	99	55	34	45	90	12	17	51	96	53	40	21	5	49	54	3	16	38	82	93	62	23	
37	56	20	47	76	74	94	36	78	77	57	58	62	19	30	36	80	95	55	3	98	73	38	65	20	96	16	15	16	34	70	98	3	28	77	64	31	27	54	32	98	22	78	94	95	15	93	21	39	28	
46	94	51	44	1	55	23	60	33	59	51	15	14	95	66	61	38	80	36	40	1	65	13	2	83	30	89	43	17	31	91	68	40	2	52	64	85	13	3	27	15	92	36	38	13	25	62	39	5	98	
73	57	42	20	48	55	79	90	26	56	16	100	66	2	45	21	41	1	6	38	36	9	63	51	48	87	54	79	42	65	99	11	71	84	70	9	82	77	13	54	96	78	89	77	10	19	23	28	98	73	
