50
1254
59	94	10	14	100	79	42	52	42	77	30	88	85	98	69	34	55	83	13	89	27	2	25	48	9	94	23	88	42	96	21	90	10	91	84	45	87	56	9	64	11	92	3	79	95	7	93	70	42	79	
10	13	18	52	55	89	39	65	7	14	63	9	51	68	49	90	35	51	82	12	81	82	83	24	74	77	69	58	56	32	36	60	46	75	76	76	50	99	39	80	93	3	49	86	59	35	12	40	8	100	
13	40	97	42	55	42	57	88	12	77	56	88	96	85	86	83	10	51	87	60	29	51	89	12	6	30	44	26	69	53	32	3	8	6	50	97	32	97	47	36	94	18	93	90	68	59	21	9	8	1	
18	97	89	84	10	48	24	54	4	59	69	69	85	53	58	57	30	54	52	13	28	73	12	90	24	3	9	65	49	87	71	87	94	28	6	22	73	52	26	65	25	9	15	3	79	83	88	8	35	71	
52	42	84	23	64	58	61	24	18	15	75	37	37	81	100	16	15	72	5	62	66	57	73	35	57	34	80	67	60	48	73	81	71	40	51	43	19	99	35	66	8	4	10	41	9	78	93	40	22	90	
55	55	10	64	24	60	41	89	49	38	8	15	28	70	77	37	68	49	87	88	97	77	73	16	46	70	79	88	77	96	80	98	74	58	46	15	26	41	3	23	43	36	17	59	10	40	14	95	91	50	
89	42	48	58	60	76	33	8	46	33	62	2	27	41	95	92	76	32	57	62	54	22	25	29	66	60	80	51	2	5	64	66	6	31	87	27	89	91	34	56	89	89	63	59	77	25	49	86	54	2	
39	57	24	61	41	33	31	33	34	81	52	70	99	36	23	42	8	66	9	22	61	14	80	49	20	69	14	30	64	51	100	25	29	25	93	6	13	68	19	74	77	79	58	78	78	63	41	9	41	82	
65	88	54	24	89	8	33	77	46	88	78	50	12	4	71	3	61	17	56	27	29	29	69	7	98	70	69	25	13	72	11	85	66	57	89	99	98	62	99	40	72	6	55	6	71	50	85	2	47	69	
7	12	4	18	49	46	34	46	24	92	53	26	8	5	24	80	4	87	16	49	30	99	23	51	11	57	96	82	94	43	39	83	59	47	14	78	46	94	6	51	12	49	26	23	46	73	50	58	87	96	
14	77	59	15	38	33	81	88	92	59	9	93	53	8	90	55	78	89	84	66	37	91	97	67	72	23	41	42	77	79	51	31	97	52	47	15	17	70	74	77	28	12	9	77	95	66	37	86	66	27	
63	56	69	75	8	62	52	78	53	9	99	96	16	100	32	92	23	2	66	7	97	4	88	66	45	65	69	93	19	61	27	97	14	74	58	30	94	65	33	85	85	3	96	8	72	75	39	89	93	7	
9	88	69	37	15	2	70	50	26	93	96	72	29	81	47	66	7	35	71	84	90	20	95	76	2	14	58	5	43	1	2	13	25	83	34	83	52	97	31	15	23	32	68	86	64	65	26	42	63	8	
51	96	85	37	28	27	99	12	8	53	16	29	22	79	78	1	78	58	31	36	98	14	9	11	81	29	52	52	41	100	79	81	30	15	89	52	77	68	71	52	6	58	46	5	84	6	43	32	53	38	
68	85	53	81	70	41	36	4	5	8	100	81	79	85	72	91	53	90	81	70	42	33	97	97	32	43	18	34	42	18	92	8	85	31	11	21	17	72	27	21	71	96	13	17	89	30	41	9	96	19	
49	86	58	100	77	95	23	71	24	90	32	47	78	72	2	57	16	21	62	67	64	77	80	67	1	4	2	29	26	69	98	75	96	61	88	7	95	79	72	48	87	6	92	93	18	49	66	49	6	27	
90	83	57	16	37	92	42	3	80	55	92	66	1	91	57	59	24	19	26	37	6	26	17	39	79	41	14	35	72	26	61	58	37	26	2	52	90	41	22	19	24	88	4	8	59	93	84	48	47	75	
35	10	30	15	68	76	8	61	4	78	23	7	78	53	16	24	68	72	54	99	19	16	85	52	10	71	81	83	18	19	51	48	2	40	83	32	32	69	58	38	93	88	61	69	99	37	19	75	27	62	
51	51	54	72	49	32	66	17	87	89	2	35	58	90	21	19	72	4	49	58	20	44	58	100	100	44	72	55	80	56	18	31	2	30	43	5	89	31	74	24	9	3	2	66	40	82	16	54	42	14	
82	87	52	5	87	57	9	56	16	84	66	71	31	81	62	26	54	49	87	45	69	16	22	10	86	50	46	12	11	70	48	67	14	14	42	16	14	45	99	96	94	2	94	28	47	74	79	76	38	99	
12	60	13	62	88	62	22	27	49	66	7	84	36	70	67	37	99	58	45	14	56	13	99	98	80	27	67	11	3	81	4	38	74	54	57	43	100	89	14	20	16	9	29	36	7	39	32	89	74	43	
81	29	28	66	97	54	61	29	30	37	97	90	98	42	64	6	19	20	69	56	54	21	11	26	87	38	42	33	2	81	20	72	51	24	54	58	66	75	84	35	83	80	90	28	83	39	81	59	36	85	
82	51	73	57	77	22	14	29	99	91	4	20	14	33	77	26	16	44	16	13	21	98	39	23	19	95	81	32	60	62	64	82	10	83	72	100	24	61	16	36	53	15	7	73	90	89	64	42	85	45	
83	89	12	73	73	25	80	69	23	97	88	95	9	97	80	17	85	58	22	99	11	39	12	94	78	33	25	25	25	61	34	78	38	87	81	36	98	73	96	96	74	64	77	15	19	16	86	54	73	98	
24	12	90	35	16	29	49	7	51	67	66	76	11	97	67	39	52	100	10	98	26	23	94	70	99	74	48	15	38	14	77	10	52	87	63	30	52	22	79	12	40	86	5	41	10	30	45	80	78	100	
74	6	24	57	46	66	20	98	11	72	45	2	81	32	1	79	10	100	86	80	87	19	78	99	33	1	59	90	89	36	31	94	54	40	48	65	10	85	65	22	32	55	92	94	28	23	76	51	40	12	
77	30	3	34	70	60	69	70	57	23	65	14	29	43	4	41	71	44	50	27	38	95	33	74	1	78	31	36	35	2	28	75	87	64	13	81	10	67	14	64	8	75	7	69	91	70	67	79	18	50	
69	44	9	80	79	80	14	69	96	41	69	58	52	18	2	14	81	72	46	67	42	81	25	48	59	31	76	41	73	29	29	60	93	8	32	47	89	39	23	10	16	11	64	37	66	41	70	80	87	90	
58	26	65	67	88	51	30	25	82	42	93	5	52	34	29	35	83	55	12	11	33	32	25	15	90	36	41	1	66	20	79	9	47	82	66	47	55	56	13	10	27	55	44	21	84	9	77	87	20	3	
56	69	49	60	77	2	64	13	94	77	19	43	41	42	26	72	18	80	11	3	2	60	25	38	89	35	73	66	100	71	16	91	87	29	20	81	1	65	63	1	34	99	27	7	59	92	28	57	79	36	
32	53	87	48	96	5	51	72	43	79	61	1	100	18	69	26	19	56	70	81	81	62	61	14	36	2	29	20	71	91	67	22	87	39	68	66	8	2	90	68	71	34	61	97	89	78	35	88	2	85	
36	32	71	73	80	64	100	11	39	51	27	2	79	92	98	61	51	18	48	4	20	64	34	77	31	28	29	79	16	67	26	82	5	28	57	95	89	84	5	13	44	53	31	75	27	19	43	73	39	83	
60	3	87	81	98	66	25	85	83	31	97	13	81	8	75	58	48	31	67	38	72	82	78	10	94	75	60	9	91	22	82	35	63	17	6	3	33	32	91	70	61	39	16	80	92	39	39	76	90	8	
46	8	94	71	74	6	29	66	59	97	14	25	30	85	96	37	2	2	14	74	51	10	38	52	54	87	93	47	87	87	5	63	1	53	55	45	54	35	24	71	5	30	40	56	47	38	91	100	6	90	
75	6	28	40	58	31	25	57	47	52	74	83	15	31	61	26	40	30	14	54	24	83	87	87	40	64	8	82	29	39	28	17	53	76	93	33	59	94	37	96	69	87	58	33	87	62	2	60	9	64	
76	50	6	51	46	87	93	89	14	47	58	34	89	11	88	2	83	43	42	57	54	72	81	63	48	13	32	66	20	68	57	6	55	93	14	11	12	63	27	30	78	22	37	90	49	63	89	23	1	57	
76	97	22	43	15	27	6	99	78	15	30	83	52	21	7	52	32	5	16	43	58	100	36	30	65	81	47	47	81	66	95	3	45	33	11	91	65	16	98	70	12	13	24	17	34	26	73	44	99	39	
50	32	73	19	26	89	13	98	46	17	94	52	77	17	95	90	32	89	14	100	66	24	98	52	10	10	89	55	1	8	89	33	54	59	12	65	52	45	59	57	54	12	83	82	70	13	10	56	6	96	
99	97	52	99	41	91	68	62	94	70	65	97	68	72	79	41	69	31	45	89	75	61	73	22	85	67	39	56	65	2	84	32	35	94	63	16	45	54	32	48	41	6	74	90	9	67	16	17	4	74	
39	47	26	35	3	34	19	99	6	74	33	31	71	27	72	22	58	74	99	14	84	16	96	79	65	14	23	13	63	90	5	91	24	37	27	98	59	32	24	98	69	2	21	43	68	58	22	100	40	35	
80	36	65	66	23	56	74	40	51	77	85	15	52	21	48	19	38	24	96	20	35	36	96	12	22	64	10	10	1	68	13	70	71	96	30	70	57	48	98	78	79	71	46	7	70	96	60	91	71	50	
93	94	25	8	43	89	77	72	12	28	85	23	6	71	87	24	93	9	94	16	83	53	74	40	32	8	16	27	34	71	44	61	5	69	78	12	54	41	69	79	72	67	25	71	2	87	1	68	37	56	
3	18	9	4	36	89	79	6	49	12	3	32	58	96	6	88	88	3	2	9	80	15	64	86	55	75	11	55	99	34	53	39	30	87	22	13	12	6	2	71	67	75	69	91	54	60	52	46	69	95	
49	93	15	10	17	63	58	55	26	9	96	68	46	13	92	4	61	2	94	29	90	7	77	5	92	7	64	44	27	61	31	16	40	58	37	24	83	74	21	46	25	69	90	24	67	79	87	9	37	9	
86	90	3	41	59	59	78	6	23	77	8	86	5	17	93	8	69	66	28	36	28	73	15	41	94	69	37	21	7	97	75	80	56	33	90	17	82	90	43	7	71	91	24	2	41	57	18	20	55	31	
59	68	79	9	10	77	78	71	46	95	72	64	84	89	18	59	99	40	47	7	83	90	19	10	28	91	66	84	59	89	27	92	47	87	49	34	70	9	68	70	2	54	67	41	85	90	17	44	100	60	
35	59	83	78	40	25	63	50	73	66	75	65	6	30	49	93	37	82	74	39	39	89	16	30	23	70	41	9	92	78	19	39	38	62	63	26	13	67	58	96	87	60	79	57	90	86	41	9	29	84	
12	21	88	93	14	49	41	85	50	37	39	26	43	41	66	84	19	16	79	32	81	64	86	45	76	67	70	77	28	35	43	39	91	2	89	73	10	16	22	60	1	52	87	18	17	41	67	49	38	17	
40	9	8	40	95	86	9	2	58	86	89	42	32	9	49	48	75	54	76	89	59	42	54	80	51	79	80	87	57	88	73	76	100	60	23	44	56	17	100	91	68	46	9	20	44	9	49	92	17	96	
8	8	35	22	91	54	41	47	87	66	93	63	53	96	6	47	27	42	38	74	36	85	73	78	40	18	87	20	79	2	39	90	6	9	1	99	6	4	40	71	37	69	37	55	100	29	38	17	92	50	
100	1	71	90	50	2	82	69	96	27	7	8	38	19	27	75	62	14	99	43	85	45	98	100	12	50	90	3	36	85	83	8	90	64	57	39	96	74	35	50	56	95	9	31	60	84	17	96	50	16	
