50
1078
82	14	45	58	5	23	57	19	99	90	91	79	55	38	72	37	30	5	12	77	9	93	19	81	35	53	92	12	23	74	23	98	23	95	19	60	99	24	71	83	62	43	8	23	29	75	33	60	56	31	
85	5	98	6	38	45	89	96	69	87	64	13	51	38	73	95	86	11	53	33	90	76	23	24	80	27	36	46	95	15	79	22	7	7	58	97	18	95	84	34	76	77	85	47	2	39	4	68	17	80	
5	88	54	58	1	48	3	45	33	13	5	90	37	54	100	58	61	58	2	24	17	95	23	12	4	80	22	15	20	34	56	40	74	66	68	15	30	61	26	17	33	73	31	75	69	17	76	83	97	33	
98	54	87	49	13	21	26	76	5	29	62	22	60	51	20	63	3	57	77	33	69	27	13	22	11	29	12	49	68	40	34	90	51	56	30	90	42	5	87	54	18	23	12	100	46	22	36	7	46	67	
6	58	49	73	5	21	74	44	52	70	17	13	38	1	11	33	72	90	79	63	12	93	3	3	44	87	91	8	7	8	14	77	2	89	77	69	91	51	73	15	73	9	82	41	15	4	98	17	71	48	
38	1	13	5	21	98	89	38	58	35	83	76	59	29	84	27	11	83	26	16	29	7	87	34	41	30	11	61	39	33	60	80	92	12	81	44	59	13	99	28	16	40	56	84	52	59	15	53	59	28	
45	48	21	21	98	29	69	55	53	57	96	92	2	54	29	22	94	43	86	32	4	68	86	73	33	31	86	19	20	11	52	34	54	2	67	12	26	59	64	12	34	25	28	23	48	44	7	74	100	20	
89	3	26	74	89	69	71	5	78	95	77	66	24	66	99	92	61	60	83	68	49	80	29	4	50	40	52	83	34	52	16	84	30	41	96	78	33	67	15	47	25	29	16	95	42	63	88	10	94	83	
96	45	76	44	38	55	5	99	51	29	33	23	13	88	75	74	83	83	33	9	43	10	1	38	40	35	71	88	95	23	68	49	37	4	53	47	15	91	35	87	27	94	52	28	92	41	24	5	29	80	
69	33	5	52	58	53	78	51	70	40	9	31	87	35	86	22	26	80	46	81	30	56	75	14	88	68	26	98	32	88	74	12	60	3	41	46	32	35	56	18	85	78	19	81	2	96	48	70	17	84	
87	13	29	70	35	57	95	29	40	26	21	45	72	99	76	85	33	76	39	32	96	57	2	88	68	15	40	21	68	26	20	31	87	20	16	82	9	21	68	22	89	69	84	99	51	88	43	81	98	18	
64	5	62	17	83	96	77	33	9	21	49	11	98	67	76	63	20	91	1	68	44	69	55	95	66	3	84	90	88	57	84	64	55	79	27	75	49	31	90	26	89	16	2	17	17	75	91	5	97	33	
13	90	22	13	76	92	66	23	31	45	11	28	49	96	20	58	79	78	56	12	47	28	23	13	22	22	61	61	67	45	3	15	88	72	62	10	66	33	74	49	54	81	32	51	27	19	39	4	82	29	
51	37	60	38	59	2	24	13	87	72	98	49	69	94	27	89	61	79	71	77	82	7	8	4	86	86	90	40	69	46	55	55	37	81	30	94	36	17	100	72	11	61	7	93	99	21	33	45	81	38	
38	54	51	1	29	54	66	88	35	99	67	96	94	93	63	82	34	49	22	57	47	94	6	56	80	52	82	52	58	36	55	9	70	22	24	69	98	100	62	89	42	17	30	63	78	59	10	47	23	79	
73	100	20	11	84	29	99	75	86	76	76	20	27	63	52	77	31	97	12	1	12	21	47	82	43	7	3	55	42	47	86	54	85	12	52	75	7	90	83	72	32	48	83	90	8	2	29	28	54	28	
95	58	63	33	27	22	92	74	22	85	63	58	89	82	77	31	70	43	56	54	9	58	70	60	24	33	12	23	34	27	64	38	48	69	80	94	77	91	50	89	49	62	17	35	97	15	59	43	38	31	
86	61	3	72	11	94	61	83	26	33	20	79	61	34	31	70	41	96	13	13	80	61	95	8	94	53	22	72	28	31	14	58	82	48	62	88	71	46	7	49	17	30	18	29	63	75	92	74	40	83	
11	58	57	90	83	43	60	83	80	76	91	78	79	49	97	43	96	31	7	8	26	99	83	98	75	5	19	68	38	49	99	52	86	47	90	11	50	4	99	7	27	46	72	89	13	93	56	61	40	52	
53	2	77	79	26	86	83	33	46	39	1	56	71	22	12	56	13	7	42	60	3	59	73	40	37	39	92	59	54	23	78	61	53	33	56	11	91	25	7	11	57	51	96	57	24	11	52	48	59	73	
33	24	33	63	16	32	68	9	81	32	68	12	77	57	1	54	13	8	60	75	87	36	83	28	98	6	80	62	81	51	90	34	56	79	80	8	69	39	4	84	40	59	18	84	54	37	36	6	93	83	
90	17	69	12	29	4	49	43	30	96	44	47	82	47	12	9	80	26	3	87	31	16	62	79	72	24	46	20	22	26	12	41	49	78	84	24	69	18	57	15	36	58	8	67	34	96	10	70	7	80	
76	95	27	93	7	68	80	10	56	57	69	28	7	94	21	58	61	99	59	36	16	95	13	30	56	21	5	41	39	87	98	21	23	9	25	32	88	38	47	58	32	67	15	43	50	26	61	65	29	11	
23	23	13	3	87	86	29	1	75	2	55	23	8	6	47	70	95	83	73	83	62	13	30	93	38	92	76	45	85	50	83	27	18	59	32	67	26	82	15	60	100	97	24	90	68	5	23	11	76	1	
24	12	22	3	34	73	4	38	14	88	95	13	4	56	82	60	8	98	40	28	79	30	93	77	100	26	26	56	72	72	16	26	70	50	78	7	29	11	56	94	78	54	53	95	2	31	22	46	81	7	
80	4	11	44	41	33	50	40	88	68	66	22	86	80	43	24	94	75	37	98	72	56	38	100	9	16	8	14	92	54	95	11	39	62	44	88	60	87	73	17	99	96	21	31	73	26	21	4	31	63	
27	80	29	87	30	31	40	35	68	15	3	22	86	52	7	33	53	5	39	6	24	21	92	26	16	70	49	32	64	95	48	73	74	5	75	83	77	1	13	83	26	54	52	95	87	16	54	83	29	61	
36	22	12	91	11	86	52	71	26	40	84	61	90	82	3	12	22	19	92	80	46	5	76	26	8	49	66	67	27	69	34	78	73	76	44	86	75	38	13	55	14	33	3	17	6	41	87	88	36	49	
46	15	49	8	61	19	83	88	98	21	90	61	40	52	55	23	72	68	59	62	20	41	45	56	14	32	67	13	62	80	32	2	21	14	41	50	84	33	37	50	16	88	36	78	15	38	39	16	57	35	
95	20	68	7	39	20	34	95	32	68	88	67	69	58	42	34	28	38	54	81	22	39	85	72	92	64	27	62	87	99	4	5	55	33	89	4	96	84	84	64	24	3	40	52	92	71	6	40	65	72	
15	34	40	8	33	11	52	23	88	26	57	45	46	36	47	27	31	49	23	51	26	87	50	72	54	95	69	80	99	61	58	42	86	44	11	83	15	29	5	52	71	31	58	86	90	40	53	74	40	81	
79	56	34	14	60	52	16	68	74	20	84	3	55	55	86	64	14	99	78	90	12	98	83	16	95	48	34	32	4	58	55	97	14	3	84	54	14	94	55	7	50	81	62	10	79	86	63	39	13	50	
22	40	90	77	80	34	84	49	12	31	64	15	55	9	54	38	58	52	61	34	41	21	27	26	11	73	78	2	5	42	97	39	73	1	17	49	53	34	93	41	82	67	40	71	29	36	25	49	36	65	
7	74	51	2	92	54	30	37	60	87	55	88	37	70	85	48	82	86	53	56	49	23	18	70	39	74	73	21	55	86	14	73	23	14	96	32	52	90	16	42	76	48	88	85	51	50	63	13	77	8	
7	66	56	89	12	2	41	4	3	20	79	72	81	22	12	69	48	47	33	79	78	9	59	50	62	5	76	14	33	44	3	1	14	90	61	35	67	73	18	36	85	94	59	31	62	2	46	16	17	33	
58	68	30	77	81	67	96	53	41	16	27	62	30	24	52	80	62	90	56	80	84	25	32	78	44	75	44	41	89	11	84	17	96	61	18	44	23	9	64	93	45	100	55	78	70	17	46	41	58	2	
97	15	90	69	44	12	78	47	46	82	75	10	94	69	75	94	88	11	11	8	24	32	67	7	88	83	86	50	4	83	54	49	32	35	44	81	70	32	5	26	40	10	86	54	33	20	12	21	96	63	
18	30	42	91	59	26	33	15	32	9	49	66	36	98	7	77	71	50	91	69	69	88	26	29	60	77	75	84	96	15	14	53	52	67	23	70	14	55	99	4	19	10	18	80	50	37	51	96	34	38	
95	61	5	51	13	59	67	91	35	21	31	33	17	100	90	91	46	4	25	39	18	38	82	11	87	1	38	33	84	29	94	34	90	73	9	32	55	47	32	91	25	93	12	75	88	100	21	64	61	33	
84	26	87	73	99	64	15	35	56	68	90	74	100	62	83	50	7	99	7	4	57	47	15	56	73	13	13	37	84	5	55	93	16	18	64	5	99	32	29	67	98	61	36	34	14	13	45	53	46	10	
34	17	54	15	28	12	47	87	18	22	26	49	72	89	72	89	49	7	11	84	15	58	60	94	17	83	55	50	64	52	7	41	42	36	93	26	4	91	67	23	47	70	97	84	53	24	14	36	46	32	
76	33	18	73	16	34	25	27	85	89	89	54	11	42	32	49	17	27	57	40	36	32	100	78	99	26	14	16	24	71	50	82	76	85	45	40	19	25	98	47	72	9	94	65	69	7	12	26	97	95	
77	73	23	9	40	25	29	94	78	69	16	81	61	17	48	62	30	46	51	59	58	67	97	54	96	54	33	88	3	31	81	67	48	94	100	10	10	93	61	70	9	30	43	18	16	4	81	80	54	29	
85	31	12	82	56	28	16	52	19	84	2	32	7	30	83	17	18	72	96	18	8	15	24	53	21	52	3	36	40	58	62	40	88	59	55	86	18	12	36	97	94	43	67	70	45	98	49	86	33	91	
47	75	100	41	84	23	95	28	81	99	17	51	93	63	90	35	29	89	57	84	67	43	90	95	31	95	17	78	52	86	10	71	85	31	78	54	80	75	34	84	65	18	70	2	48	69	67	20	43	41	
2	69	46	15	52	48	42	92	2	51	17	27	99	78	8	97	63	13	24	54	34	50	68	2	73	87	6	15	92	90	79	29	51	62	70	33	50	88	14	53	69	16	45	48	88	53	69	45	52	97	
39	17	22	4	59	44	63	41	96	88	75	19	21	59	2	15	75	93	11	37	96	26	5	31	26	16	41	38	71	40	86	36	50	2	17	20	37	100	13	24	7	4	98	69	53	42	36	80	49	81	
4	76	36	98	15	7	88	24	48	43	91	39	33	10	29	59	92	56	52	36	10	61	23	22	21	54	87	39	6	53	63	25	63	46	46	12	51	21	45	14	12	81	49	67	69	36	81	81	51	93	
68	83	7	17	53	74	10	5	70	81	5	4	45	47	28	43	74	61	48	6	70	65	11	46	4	83	88	16	40	74	39	49	13	16	41	21	96	64	53	36	26	80	86	20	45	80	81	13	84	84	
17	97	46	71	59	100	94	29	17	98	97	82	81	23	54	38	40	40	59	93	7	29	76	81	31	29	36	57	65	40	13	36	77	17	58	96	34	61	46	46	97	54	33	43	52	49	51	84	16	97	
80	33	67	48	28	20	83	80	84	18	33	29	38	79	28	31	83	52	73	83	80	11	1	7	63	61	49	35	72	81	50	65	8	33	2	63	38	33	10	32	95	29	91	41	97	81	93	84	97	25	
