50
1132
37	63	46	63	48	69	45	94	97	33	75	78	43	89	63	6	87	59	14	86	34	39	33	99	31	42	70	20	38	37	19	36	23	55	78	56	81	53	93	16	6	61	73	45	53	79	1	33	11	92	
70	18	92	68	2	4	32	58	64	63	23	52	6	8	33	98	31	56	56	12	32	4	38	38	80	78	28	49	10	71	29	16	12	44	15	87	40	56	41	37	88	59	44	9	11	10	62	81	73	69	
18	96	68	91	44	87	43	95	32	37	53	60	61	13	98	57	84	57	60	17	98	28	55	40	84	91	29	37	42	85	62	70	82	78	89	85	16	83	72	25	69	90	46	85	80	97	9	70	78	35	
92	68	14	98	63	60	19	54	74	48	47	50	15	98	3	17	48	29	79	62	35	35	49	9	92	23	12	24	96	19	88	60	49	29	79	56	29	23	74	86	40	92	82	65	58	58	55	66	100	87	
68	91	98	21	58	37	35	50	52	33	65	98	34	21	46	69	82	28	17	95	9	87	37	45	1	77	10	23	87	9	66	87	97	40	60	84	13	44	98	42	39	52	28	15	7	11	78	76	74	12	
2	44	63	58	33	91	10	21	62	17	36	82	19	23	3	59	65	34	61	60	54	18	71	3	73	93	16	91	33	62	100	4	9	20	39	62	82	72	31	57	51	97	14	67	15	62	17	76	90	38	
4	87	60	37	91	58	90	1	89	35	19	91	92	45	26	19	37	5	96	2	74	13	86	19	34	78	77	19	20	23	63	73	6	100	10	31	36	55	4	63	11	98	61	5	14	95	85	87	99	47	
32	43	19	35	10	90	81	59	63	9	85	24	6	15	91	62	59	54	41	67	27	84	14	53	15	61	24	85	60	44	56	11	6	7	8	70	82	2	85	33	6	75	46	64	74	45	43	8	62	96	
58	95	54	50	21	1	59	10	6	42	1	42	11	35	14	18	62	11	94	54	31	55	59	98	67	62	84	15	2	60	8	76	4	56	34	87	21	16	48	36	2	24	82	91	98	66	89	68	21	59	
64	32	74	52	62	89	63	6	21	5	15	88	38	9	37	91	36	55	75	21	68	24	17	100	70	30	36	33	63	70	95	23	86	54	1	81	40	58	95	64	22	20	22	1	66	85	50	58	17	45	
63	37	48	33	17	35	9	42	5	17	55	21	96	50	41	13	97	41	79	67	57	17	50	52	17	15	42	76	67	33	60	89	43	68	68	93	38	20	50	91	83	29	21	85	25	15	85	38	14	93	
23	53	47	65	36	19	85	1	15	55	45	97	5	69	34	93	88	75	79	93	93	51	73	2	23	38	97	93	30	40	12	60	48	84	42	47	70	80	21	76	58	77	72	43	62	83	9	34	40	100	
52	60	50	98	82	91	24	42	88	21	97	87	48	44	31	55	18	36	67	100	63	36	43	63	91	68	35	20	42	20	68	25	97	29	29	53	42	29	30	73	30	9	61	10	81	91	99	16	85	30	
6	61	15	34	19	92	6	11	38	96	5	48	49	35	29	17	70	15	68	63	57	61	70	59	5	36	68	13	99	51	69	3	74	26	54	98	48	38	41	45	27	16	78	45	81	33	86	65	84	16	
8	13	98	21	23	45	15	35	9	50	69	44	35	53	43	38	14	20	91	74	67	5	56	77	6	22	94	18	78	93	52	30	11	39	29	6	64	62	9	32	55	23	34	91	34	39	69	80	26	44	
33	98	3	46	3	26	91	14	37	41	34	31	29	43	97	50	12	100	84	87	8	96	36	34	22	28	49	77	58	15	25	53	53	27	12	33	48	48	46	81	41	8	72	69	93	10	89	98	24	55	
98	57	17	69	59	19	62	18	91	13	93	55	17	38	50	84	85	99	19	15	15	82	22	73	30	77	40	46	5	5	24	71	92	2	98	12	34	29	36	28	57	9	28	28	58	52	41	80	50	95	
31	84	48	82	65	37	59	62	36	97	88	18	70	14	12	85	73	48	25	60	40	19	18	26	11	94	76	99	24	47	78	76	83	58	42	75	58	58	66	37	54	34	1	32	93	81	89	24	51	49	
56	57	29	28	34	5	54	11	55	41	75	36	15	20	100	99	48	81	38	55	23	71	39	23	79	89	57	69	13	30	58	72	39	40	100	15	89	64	60	36	13	2	10	97	44	71	45	45	100	33	
56	60	79	17	61	96	41	94	75	79	79	67	68	91	84	19	25	38	32	30	11	8	14	56	56	92	11	86	89	37	87	52	51	62	47	58	67	89	57	35	46	86	5	6	86	77	84	90	20	50	
12	17	62	95	60	2	67	54	21	67	93	100	63	74	87	15	60	55	30	94	64	85	97	89	34	95	52	98	95	71	5	67	91	46	30	71	78	27	42	10	32	78	92	57	68	24	41	40	35	29	
32	98	35	9	54	74	27	31	68	57	93	63	57	67	8	15	40	23	11	64	12	71	89	74	46	18	12	91	73	61	93	31	39	79	73	27	35	34	90	76	50	56	28	57	70	62	39	41	18	11	
4	28	35	87	18	13	84	55	24	17	51	36	61	5	96	82	19	71	8	85	71	90	28	98	83	76	61	93	69	9	81	3	50	39	69	77	18	69	56	36	90	55	86	57	18	49	29	53	67	2	
38	55	49	37	71	86	14	59	17	50	73	43	70	56	36	22	18	39	14	97	89	28	32	9	43	49	21	53	92	27	77	10	58	33	22	2	72	38	71	88	4	29	42	56	78	44	31	86	75	12	
38	40	9	45	3	19	53	98	100	52	2	63	59	77	34	73	26	23	56	89	74	98	9	19	82	34	27	75	69	30	38	25	100	76	62	25	16	25	13	80	51	71	79	96	33	38	42	22	87	36	
80	84	92	1	73	34	15	67	70	17	23	91	5	6	22	30	11	79	56	34	46	83	43	82	32	14	65	28	67	37	79	23	27	88	73	3	78	11	29	98	27	15	28	84	57	30	87	30	67	98	
78	91	23	77	93	78	61	62	30	15	38	68	36	22	28	77	94	89	92	95	18	76	49	34	14	11	16	95	79	89	27	3	35	72	77	42	65	47	86	35	83	37	89	10	8	21	3	35	95	100	
28	29	12	10	16	77	24	84	36	42	97	35	68	94	49	40	76	57	11	52	12	61	21	27	65	16	25	3	50	24	67	34	2	95	69	6	81	69	70	62	26	22	19	55	83	36	16	13	92	5	
49	37	24	23	91	19	85	15	33	76	93	20	13	18	77	46	99	69	86	98	91	93	53	75	28	95	3	62	81	25	97	82	61	16	88	66	54	56	44	60	95	42	87	68	100	11	75	20	64	34	
10	42	96	87	33	20	60	2	63	67	30	42	99	78	58	5	24	13	89	95	73	69	92	69	67	79	50	81	100	69	4	17	95	78	87	2	6	45	5	81	67	58	50	87	79	83	4	64	78	92	
71	85	19	9	62	23	44	60	70	33	40	20	51	93	15	5	47	30	37	71	61	9	27	30	37	89	24	25	69	76	83	12	53	41	24	93	57	25	59	45	55	33	9	85	29	68	78	29	88	81	
29	62	88	66	100	63	56	8	95	60	12	68	69	52	25	24	78	58	87	5	93	81	77	38	79	27	67	97	4	83	1	71	73	91	86	78	59	47	26	24	79	66	57	25	2	74	77	92	26	39	
16	70	60	87	4	73	11	76	23	89	60	25	3	30	53	71	76	72	52	67	31	3	10	25	23	3	34	82	17	12	71	27	39	10	58	76	10	63	96	71	74	19	76	32	44	87	43	34	2	23	
12	82	49	97	9	6	6	4	86	43	48	97	74	11	53	92	83	39	51	91	39	50	58	100	27	35	2	61	95	53	73	39	38	27	87	10	66	45	26	92	15	61	83	84	85	84	78	14	88	61	
44	78	29	40	20	100	7	56	54	68	84	29	26	39	27	2	58	40	62	46	79	39	33	76	88	72	95	16	78	41	91	10	27	59	76	57	14	79	44	1	60	48	95	65	95	79	87	32	18	97	
15	89	79	60	39	10	8	34	1	68	42	29	54	29	12	98	42	100	47	30	73	69	22	62	73	77	69	88	87	24	86	58	87	76	82	99	94	100	44	48	19	14	80	21	1	42	91	49	10	70	
87	85	56	84	62	31	70	87	81	93	47	53	98	6	33	12	75	15	58	71	27	77	2	25	3	42	6	66	2	93	78	76	10	57	99	5	75	70	97	4	12	87	6	76	55	40	28	26	24	34	
40	16	29	13	82	36	82	21	40	38	70	42	48	64	48	34	58	89	67	78	35	18	72	16	78	65	81	54	6	57	59	10	66	14	94	75	11	78	48	7	40	67	31	69	60	69	32	2	68	40	
56	83	23	44	72	55	2	16	58	20	80	29	38	62	48	29	58	64	89	27	34	69	38	25	11	47	69	56	45	25	47	63	45	79	100	70	78	46	10	13	78	27	59	13	73	37	79	96	16	31	
41	72	74	98	31	4	85	48	95	50	21	30	41	9	46	36	66	60	57	42	90	56	71	13	29	86	70	44	5	59	26	96	26	44	44	97	48	10	58	61	68	51	18	5	74	29	61	20	30	46	
37	25	86	42	57	63	33	36	64	91	76	73	45	32	81	28	37	36	35	10	76	36	88	80	98	35	62	60	81	45	24	71	92	1	48	4	7	13	61	23	100	31	86	67	91	96	10	26	59	20	
88	69	40	39	51	11	6	2	22	83	58	30	27	55	41	57	54	13	46	32	50	90	4	51	27	83	26	95	67	55	79	74	15	60	19	12	40	78	68	100	75	9	30	53	31	8	73	81	9	87	
59	90	92	52	97	98	75	24	20	29	77	9	16	23	8	9	34	2	86	78	56	55	29	71	15	37	22	42	58	33	66	19	61	48	14	87	67	27	51	31	9	21	52	33	2	59	15	85	17	97	
44	46	82	28	14	61	46	82	22	21	72	61	78	34	72	28	1	10	5	92	28	86	42	79	28	89	19	87	50	9	57	76	83	95	80	6	31	59	18	86	30	52	26	35	47	66	75	49	63	94	
9	85	65	15	67	5	64	91	1	85	43	10	45	91	69	28	32	97	6	57	57	57	56	96	84	10	55	68	87	85	25	32	84	65	21	76	69	13	5	67	53	33	35	36	31	73	78	21	60	3	
11	80	58	7	15	14	74	98	66	25	62	81	81	34	93	58	93	44	86	68	70	18	78	33	57	8	83	100	79	29	2	44	85	95	1	55	60	73	74	91	31	2	47	31	88	73	56	4	11	2	
10	97	58	11	62	95	45	66	85	15	83	91	33	39	10	52	81	71	77	24	62	49	44	38	30	21	36	11	83	68	74	87	84	79	42	40	69	37	29	96	8	59	66	73	73	44	16	19	68	55	
62	9	55	78	17	85	43	89	50	85	9	99	86	69	89	41	89	45	84	41	39	29	31	42	87	3	16	75	4	78	77	43	78	87	91	28	32	79	61	10	73	15	75	78	56	16	3	49	34	3	
81	70	66	76	76	87	8	68	58	38	34	16	65	80	98	80	24	45	90	40	41	53	86	22	30	35	13	20	64	29	92	34	14	32	49	26	2	96	20	26	81	85	49	21	4	19	49	62	93	67	
73	78	100	74	90	99	62	21	17	14	40	85	84	26	24	50	51	100	20	35	18	67	75	87	67	95	92	64	78	88	26	2	88	18	10	24	68	16	30	59	9	17	63	60	11	68	34	93	16	49	
69	35	87	12	38	47	96	59	45	93	100	30	16	44	55	95	49	33	50	29	11	2	12	36	98	100	5	34	92	81	39	23	61	97	70	34	40	31	46	20	87	97	94	3	2	55	3	67	49	27	
