50
1151
61	96	97	72	54	14	100	7	94	4	18	47	89	76	85	70	59	26	72	36	98	22	61	79	100	90	20	30	65	13	46	47	21	88	2	87	20	42	61	9	29	51	41	59	5	19	23	32	99	13	
40	9	2	24	65	50	48	43	73	5	92	61	39	21	1	60	83	28	22	93	46	98	48	74	1	30	22	90	6	38	57	66	25	11	76	77	50	61	32	60	70	73	20	41	76	71	87	21	86	92	
9	98	22	53	20	7	47	92	58	28	13	6	76	12	90	51	63	80	16	15	91	86	39	97	67	91	88	2	95	24	11	74	39	76	57	92	57	24	80	100	62	95	86	74	31	34	90	56	14	44	
2	22	76	1	28	78	61	51	49	61	61	99	50	8	4	73	61	11	22	90	73	54	82	23	69	57	62	49	65	55	53	4	76	18	57	73	100	84	63	39	83	55	52	24	62	53	33	8	7	59	
24	53	1	23	45	83	19	49	79	31	98	54	67	61	97	33	84	47	6	1	72	64	79	95	7	98	41	100	79	7	71	96	54	75	2	51	72	19	93	61	79	92	53	100	44	75	92	93	81	66	
65	20	28	45	92	47	94	20	20	86	97	69	44	52	73	98	49	5	28	42	48	4	63	60	65	77	46	99	3	22	56	47	81	70	82	89	20	29	99	50	48	56	65	48	95	84	25	2	28	55	
50	7	78	83	47	26	81	19	88	31	81	78	36	59	87	41	78	18	97	60	1	91	93	14	18	59	69	76	20	19	66	44	12	16	95	61	90	73	96	96	75	6	95	27	30	10	13	2	64	22	
48	47	61	19	94	81	65	82	6	95	16	92	53	5	77	50	98	26	19	28	35	94	77	28	13	70	18	50	38	18	81	70	28	82	10	43	1	16	25	32	40	48	65	13	78	39	47	34	79	59	
43	92	51	49	20	19	82	82	1	31	55	65	62	94	20	32	100	76	2	45	39	12	57	28	5	98	93	38	73	36	84	27	41	56	30	35	10	88	87	13	74	100	99	64	59	21	18	72	74	6	
73	58	49	79	20	88	6	1	21	83	10	25	80	89	39	76	67	18	28	94	60	60	14	60	24	24	55	36	55	13	13	85	77	64	8	35	59	21	42	97	1	89	64	36	8	17	6	52	23	5	
5	28	61	31	86	31	95	31	83	15	20	44	28	74	70	26	65	23	65	4	67	92	43	88	46	56	100	51	17	6	29	49	48	53	53	90	78	99	92	77	15	75	87	7	10	82	39	81	78	18	
92	13	61	98	97	81	16	55	10	20	79	7	83	91	6	5	62	74	49	98	86	50	22	73	37	100	53	17	88	48	41	79	74	62	62	58	62	15	39	24	88	83	35	59	20	41	15	25	45	2	
61	6	99	54	69	78	92	65	25	44	7	27	34	70	84	19	29	59	35	28	86	24	73	9	99	27	35	23	68	85	13	88	74	4	55	53	66	53	33	95	51	8	92	96	59	47	99	15	98	3	
39	76	50	67	44	36	53	62	80	28	83	34	70	5	56	28	87	92	65	48	58	77	43	49	83	90	4	98	71	37	87	72	83	50	54	11	12	61	53	83	84	31	74	17	80	35	56	12	10	70	
21	12	8	61	52	59	5	94	89	74	91	70	5	42	62	28	26	27	91	55	69	82	31	61	99	11	69	68	3	80	66	23	77	16	77	18	27	14	19	61	15	55	81	85	6	59	10	96	65	12	
1	90	4	97	73	87	77	20	39	70	6	84	56	62	68	62	34	2	59	93	91	45	56	92	67	69	95	75	1	78	79	17	65	6	4	5	91	29	100	74	86	12	50	69	15	57	58	29	31	47	
60	51	73	33	98	41	50	32	76	26	5	19	28	28	62	5	18	38	54	40	36	58	39	100	36	85	26	82	70	24	8	41	80	100	68	67	45	11	10	20	10	30	4	18	48	6	44	13	68	55	
83	63	61	84	49	78	98	100	67	65	62	29	87	26	34	18	64	64	27	76	41	97	18	72	38	20	14	58	13	53	77	36	36	39	15	68	88	14	85	43	18	47	25	65	23	48	59	61	25	25	
28	80	11	47	5	18	26	76	18	23	74	59	92	27	2	38	64	90	29	69	85	8	8	6	74	3	82	28	26	43	50	91	68	58	10	92	36	19	39	8	50	24	68	23	21	98	74	21	38	26	
22	16	22	6	28	97	19	2	28	65	49	35	65	91	59	54	27	29	16	90	55	99	7	91	28	51	94	56	76	41	25	13	85	43	64	3	25	73	68	59	96	47	68	60	59	59	2	97	16	29	
93	15	90	1	42	60	28	45	94	4	98	28	48	55	93	40	76	69	90	17	98	19	97	41	19	41	54	64	70	17	75	92	52	58	93	54	79	58	87	97	19	26	11	7	61	20	26	45	66	87	
46	91	73	72	48	1	35	39	60	67	86	86	58	69	91	36	41	85	55	98	7	59	80	93	71	82	97	9	25	42	6	67	24	55	65	95	91	15	30	58	18	91	71	93	44	54	37	17	64	67	
98	86	54	64	4	91	94	12	60	92	50	24	77	82	45	58	97	8	99	19	59	86	30	37	72	66	75	71	75	19	29	80	80	50	44	33	39	59	78	19	49	38	27	27	83	99	59	40	31	27	
48	39	82	79	63	93	77	57	14	43	22	73	43	31	56	39	18	8	7	97	80	30	43	8	2	65	10	81	33	51	62	34	88	99	1	64	57	56	6	10	94	40	17	99	45	31	80	34	90	95	
74	97	23	95	60	14	28	28	60	88	73	9	49	61	92	100	72	6	91	41	93	37	8	99	49	36	39	46	95	43	1	91	59	85	59	45	94	62	100	27	59	96	48	44	12	67	43	85	61	68	
1	67	69	7	65	18	13	5	24	46	37	99	83	99	67	36	38	74	28	19	71	72	2	49	65	28	53	69	50	29	80	34	6	71	93	75	38	40	84	48	89	92	89	76	14	11	1	2	60	30	
30	91	57	98	77	59	70	98	24	56	100	27	90	11	69	85	20	3	51	41	82	66	65	36	28	99	38	49	33	33	58	9	2	100	47	82	82	2	15	88	38	63	75	62	16	79	54	26	86	74	
22	88	62	41	46	69	18	93	55	100	53	35	4	69	95	26	14	82	94	54	97	75	10	39	53	38	75	60	56	25	76	75	51	3	38	74	78	53	65	1	100	57	40	10	39	32	69	19	24	94	
90	2	49	100	99	76	50	38	36	51	17	23	98	68	75	82	58	28	56	64	9	71	81	46	69	49	60	36	26	97	63	19	50	33	50	12	22	37	23	81	20	7	72	12	53	69	96	23	48	54	
6	95	65	79	3	20	38	73	55	17	88	68	71	3	1	70	13	26	76	70	25	75	33	95	50	33	56	26	74	69	1	38	61	30	34	40	48	46	76	18	37	12	96	55	90	33	15	83	2	25	
38	24	55	7	22	19	18	36	13	6	48	85	37	80	78	24	53	43	41	17	42	19	51	43	29	33	25	97	69	70	51	84	61	77	82	25	1	59	82	26	34	25	58	65	36	6	70	99	39	82	
57	11	53	71	56	66	81	84	13	29	41	13	87	66	79	8	77	50	25	75	6	29	62	1	80	58	76	63	1	51	48	8	99	57	18	83	16	19	21	99	36	56	25	39	46	47	31	44	67	39	
66	74	4	96	47	44	70	27	85	49	79	88	72	23	17	41	36	91	13	92	67	80	34	91	34	9	75	19	38	84	8	37	36	82	97	71	41	67	10	30	8	73	17	47	89	84	64	55	82	92	
25	39	76	54	81	12	28	41	77	48	74	74	83	77	65	80	36	68	85	52	24	80	88	59	6	2	51	50	61	61	99	36	40	49	53	24	95	96	54	80	15	25	79	97	58	55	82	15	26	8	
11	76	18	75	70	16	82	56	64	53	62	4	50	16	6	100	39	58	43	58	55	50	99	85	71	100	3	33	30	77	57	82	49	79	73	63	54	9	95	92	48	12	27	3	100	91	50	56	23	23	
76	57	57	2	82	95	10	30	8	53	62	55	54	77	4	68	15	10	64	93	65	44	1	59	93	47	38	50	34	82	18	97	53	73	7	32	28	32	78	98	54	14	78	53	69	53	99	54	84	66	
77	92	73	51	89	61	43	35	35	90	58	53	11	18	5	67	68	92	3	54	95	33	64	45	75	82	74	12	40	25	83	71	24	63	32	17	97	24	42	62	24	76	56	79	6	2	8	97	100	56	
50	57	100	72	20	90	1	10	59	78	62	66	12	27	91	45	88	36	25	79	91	39	57	94	38	82	78	22	48	1	16	41	95	54	28	97	79	98	1	16	19	89	34	61	71	3	18	31	7	88	
61	24	84	19	29	73	16	88	21	99	15	53	61	14	29	11	14	19	73	58	15	59	56	62	40	2	53	37	46	59	19	67	96	9	32	24	98	20	85	41	1	77	8	66	84	54	40	30	48	52	
32	80	63	93	99	96	25	87	42	92	39	33	53	19	100	10	85	39	68	87	30	78	6	100	84	15	65	23	76	82	21	10	54	95	78	42	1	85	55	78	63	44	23	97	16	10	100	26	62	70	
60	100	39	61	50	96	32	13	97	77	24	95	83	61	74	20	43	8	59	97	58	19	10	27	48	88	1	81	18	26	99	30	80	92	98	62	16	41	78	23	39	52	74	92	84	49	91	47	46	7	
70	62	83	79	48	75	40	74	1	15	88	51	84	15	86	10	18	50	96	19	18	49	94	59	89	38	100	20	37	34	36	8	15	48	54	24	19	1	63	39	15	47	75	76	67	88	100	47	53	82	
73	95	55	92	56	6	48	100	89	75	83	8	31	55	12	30	47	24	47	26	91	38	40	96	92	63	57	7	12	25	56	73	25	12	14	76	89	77	44	52	47	13	34	27	86	68	13	46	64	50	
20	86	52	53	65	95	65	99	64	87	35	92	74	81	50	4	25	68	68	11	71	27	17	48	89	75	40	72	96	58	25	17	79	27	78	56	34	8	23	74	75	34	65	13	48	33	68	44	88	55	
41	74	24	100	48	27	13	64	36	7	59	96	17	85	69	18	65	23	60	7	93	27	99	44	76	62	10	12	55	65	39	47	97	3	53	79	61	66	97	92	76	27	13	39	43	2	88	35	9	82	
76	31	62	44	95	30	78	59	8	10	20	59	80	6	15	48	23	21	59	61	44	83	45	12	14	16	39	53	90	36	46	89	58	100	69	6	71	84	16	84	67	86	48	43	64	77	48	70	47	48	
71	34	53	75	84	10	39	21	17	82	41	47	35	59	57	6	48	98	59	20	54	99	31	67	11	79	32	69	33	6	47	84	55	91	53	2	3	54	10	49	88	68	33	2	77	28	19	67	41	37	
87	90	33	92	25	13	47	18	6	39	15	99	56	10	58	44	59	74	2	26	37	59	80	43	1	54	69	96	15	70	31	64	82	50	99	8	18	40	100	91	100	13	68	88	48	19	57	85	50	52	
21	56	8	93	2	2	34	72	52	81	25	15	12	96	29	13	61	21	97	45	17	40	34	85	2	26	19	23	83	99	44	55	15	56	54	97	31	30	26	47	47	46	44	35	70	67	85	91	33	10	
86	14	7	81	28	64	79	74	23	78	45	98	10	65	31	68	25	38	16	66	64	31	90	61	60	86	24	48	2	39	67	82	26	23	84	100	7	48	62	46	53	64	88	9	47	41	50	33	21	32	
92	44	59	66	55	22	59	6	5	18	2	3	70	12	47	55	25	26	29	87	67	27	95	68	30	74	94	54	25	82	39	92	8	23	66	56	88	52	70	7	82	50	55	82	48	37	52	10	32	81	
