50
1163
72	34	67	16	8	91	40	45	73	29	9	21	20	4	65	98	29	3	31	73	65	1	49	71	30	26	21	18	94	53	89	84	41	16	58	61	38	92	43	41	64	53	56	84	99	27	37	12	7	73	
53	2	81	5	23	91	10	13	84	60	24	61	36	66	40	86	82	36	42	58	69	58	65	66	66	93	81	70	68	88	23	99	24	65	40	43	97	29	83	8	75	7	11	26	36	41	22	10	92	14	
2	9	39	27	100	85	2	52	49	82	32	36	48	72	5	84	1	17	48	67	32	16	32	93	42	23	92	64	85	93	73	68	58	37	37	11	73	2	58	19	73	19	51	100	87	63	56	57	84	33	
81	39	87	37	89	61	92	46	100	20	25	78	21	22	18	21	16	22	59	77	18	71	57	1	66	21	89	14	24	6	75	3	84	79	34	72	52	30	4	15	22	10	49	11	78	47	31	94	15	22	
5	27	37	82	77	7	75	56	35	23	87	78	70	90	41	12	86	5	38	84	59	73	67	3	88	39	78	21	37	70	76	23	43	16	73	81	44	77	27	3	21	9	86	87	33	26	28	85	87	60	
23	100	89	77	42	59	77	15	32	90	80	74	50	1	14	100	72	64	62	66	55	84	27	64	12	52	17	28	90	92	32	93	63	47	30	63	95	55	73	26	40	3	27	62	1	43	48	75	81	23	
91	85	61	7	59	50	54	57	76	6	96	90	10	2	91	88	41	96	27	78	82	77	31	72	56	2	91	35	47	18	68	70	15	31	73	97	26	43	78	51	99	20	28	46	46	96	25	60	36	66	
10	2	92	75	77	54	82	36	60	61	47	49	9	71	99	16	50	30	28	36	30	35	30	55	72	57	88	7	34	53	10	45	24	17	18	40	11	52	73	36	66	47	77	9	56	5	61	83	33	27	
13	52	46	56	15	57	36	29	51	15	60	64	44	6	94	49	33	40	78	51	29	73	88	76	69	95	93	6	57	17	28	18	47	10	33	43	58	61	22	68	7	79	59	77	68	92	75	64	91	9	
84	49	100	35	32	76	60	51	37	71	16	2	77	9	60	42	36	63	24	63	90	50	52	45	83	79	98	12	13	12	13	69	49	50	24	47	82	100	87	76	75	83	41	24	21	11	81	6	69	24	
60	82	20	23	90	6	61	15	71	38	7	1	41	20	87	78	77	44	88	32	29	63	75	13	14	94	72	24	1	38	81	21	11	51	60	41	81	79	16	76	62	74	90	38	56	74	62	33	45	89	
24	32	25	87	80	96	47	60	16	7	94	11	12	78	23	51	96	11	51	77	89	15	44	99	6	91	97	22	21	50	28	93	26	25	23	30	89	90	9	53	30	4	1	44	80	90	68	57	71	70	
61	36	78	78	74	90	49	64	2	1	11	50	1	59	21	43	92	39	3	69	95	25	48	87	69	34	82	32	90	90	100	18	82	87	1	10	22	13	62	11	98	42	72	67	20	71	77	34	28	68	
36	48	21	70	50	10	9	44	77	41	12	1	6	38	49	18	47	12	64	78	28	11	97	66	84	49	15	67	98	93	13	93	42	6	100	1	54	75	71	64	50	98	82	7	68	66	73	68	31	54	
66	72	22	90	1	2	71	6	9	20	78	59	38	11	43	59	26	50	58	71	67	88	8	47	76	67	26	88	78	17	42	69	83	56	43	60	70	1	58	88	71	27	49	42	51	87	30	95	62	85	
40	5	18	41	14	91	99	94	60	87	23	21	49	43	2	96	87	17	63	16	10	66	55	37	20	34	7	82	98	79	35	74	53	31	93	85	48	13	63	88	93	69	77	73	22	74	59	56	11	22	
86	84	21	12	100	88	16	49	42	78	51	43	18	59	96	69	23	16	41	3	23	94	18	100	15	25	90	38	29	32	58	54	70	17	46	89	45	77	44	87	71	14	31	31	97	37	5	58	23	44	
82	1	16	86	72	41	50	33	36	77	96	92	47	26	87	23	26	78	1	46	27	67	59	13	61	5	42	4	58	78	40	80	16	77	21	38	57	57	40	25	70	77	46	22	74	3	9	36	42	93	
36	17	22	5	64	96	30	40	63	44	11	39	12	50	17	16	78	74	68	53	62	9	74	95	47	46	67	59	56	40	80	83	25	36	84	96	92	86	96	42	90	35	92	54	16	92	47	81	50	56	
42	48	59	38	62	27	28	78	24	88	51	3	64	58	63	41	1	68	91	62	8	64	3	34	66	49	7	34	29	28	34	8	26	10	76	82	51	58	94	67	84	100	60	63	39	72	74	68	20	71	
58	67	77	84	66	78	36	51	63	32	77	69	78	71	16	3	46	53	62	14	12	46	65	70	21	71	48	66	11	19	21	46	56	11	15	60	9	91	72	35	73	81	20	96	3	94	36	92	87	47	
69	32	18	59	55	82	30	29	90	29	89	95	28	67	10	23	27	62	8	12	83	27	46	50	30	97	28	62	93	88	55	22	9	23	39	100	85	99	17	38	19	5	70	45	85	93	71	34	70	7	
58	16	71	73	84	77	35	73	50	63	15	25	11	88	66	94	67	9	64	46	27	65	1	30	6	84	81	35	52	57	99	67	2	95	45	67	1	95	71	60	16	76	60	39	87	99	17	91	95	58	
65	32	57	67	27	31	30	88	52	75	44	48	97	8	55	18	59	74	3	65	46	1	95	19	87	44	54	42	73	67	54	96	4	40	21	19	20	72	88	92	95	90	23	75	18	95	9	85	63	60	
66	93	1	3	64	72	55	76	45	13	99	87	66	47	37	100	13	95	34	70	50	30	19	32	63	16	14	25	75	94	13	5	53	46	82	63	16	97	93	54	43	65	46	30	70	30	41	47	89	5	
66	42	66	88	12	56	72	69	83	14	6	69	84	76	20	15	61	47	66	21	30	6	87	63	96	11	31	41	53	78	77	68	90	64	26	23	28	6	40	18	78	50	99	20	51	16	28	45	65	71	
93	23	21	39	52	2	57	95	79	94	91	34	49	67	34	25	5	46	49	71	97	84	44	16	11	23	84	57	18	59	24	5	14	76	26	9	11	58	8	56	95	49	60	69	73	34	90	26	84	72	
81	92	89	78	17	91	88	93	98	72	97	82	15	26	7	90	42	67	7	48	28	81	54	14	31	84	99	78	16	90	44	59	13	72	13	48	33	10	76	84	25	18	19	90	53	75	45	30	16	1	
70	64	14	21	28	35	7	6	12	24	22	32	67	88	82	38	4	59	34	66	62	35	42	25	41	57	78	8	65	22	13	55	9	54	93	80	95	60	76	78	86	24	83	25	76	53	69	19	10	58	
68	85	24	37	90	47	34	57	13	1	21	90	98	78	98	29	58	56	29	11	93	52	73	75	53	18	16	65	62	88	83	85	78	1	71	50	45	70	56	70	94	89	52	76	9	78	46	95	15	32	
88	93	6	70	92	18	53	17	12	38	50	90	93	17	79	32	78	40	28	19	88	57	67	94	78	59	90	22	88	40	1	74	98	49	40	15	96	38	26	94	10	46	62	18	52	49	15	57	50	67	
23	73	75	76	32	68	10	28	13	81	28	100	13	42	35	58	40	80	34	21	55	99	54	13	77	24	44	13	83	1	72	54	70	14	78	62	76	91	36	81	82	88	45	85	41	52	18	64	92	29	
99	68	3	23	93	70	45	18	69	21	93	18	93	69	74	54	80	83	8	46	22	67	96	5	68	5	59	55	85	74	54	46	83	39	1	41	69	62	39	97	8	9	62	44	30	48	74	14	16	35	
24	58	84	43	63	15	24	47	49	11	26	82	42	83	53	70	16	25	26	56	9	2	4	53	90	14	13	9	78	98	70	83	86	45	79	48	94	24	61	78	83	81	61	87	93	86	73	86	7	33	
65	37	79	16	47	31	17	10	50	51	25	87	6	56	31	17	77	36	10	11	23	95	40	46	64	76	72	54	1	49	14	39	45	97	38	15	78	19	28	70	15	43	36	83	96	22	99	34	1	34	
40	37	34	73	30	73	18	33	24	60	23	1	100	43	93	46	21	84	76	15	39	45	21	82	26	26	13	93	71	40	78	1	79	38	12	28	34	53	79	53	32	12	22	80	18	84	20	77	24	89	
43	11	72	81	63	97	40	43	47	41	30	10	1	60	85	89	38	96	82	60	100	67	19	63	23	9	48	80	50	15	62	41	48	15	28	85	72	16	61	88	77	1	97	49	12	17	36	33	76	20	
97	73	52	44	95	26	11	58	82	81	89	22	54	70	48	45	57	92	51	9	85	1	20	16	28	11	33	95	45	96	76	69	94	78	34	72	64	21	80	97	12	79	87	72	63	54	27	10	51	17	
29	2	30	77	55	43	52	61	100	79	90	13	75	1	13	77	57	86	58	91	99	95	72	97	6	58	10	60	70	38	91	62	24	19	53	16	21	73	58	77	47	71	63	16	10	71	46	46	20	85	
83	58	4	27	73	78	73	22	87	16	9	62	71	58	63	44	40	96	94	72	17	71	88	93	40	8	76	76	56	26	36	39	61	28	79	61	80	58	26	89	35	30	73	16	35	49	57	43	92	14	
8	19	15	3	26	51	36	68	76	76	53	11	64	88	88	87	25	42	67	35	38	60	92	54	18	56	84	78	70	94	81	97	78	70	53	88	97	77	89	17	72	61	18	23	22	41	16	76	94	13	
75	73	22	21	40	99	66	7	75	62	30	98	50	71	93	71	70	90	84	73	19	16	95	43	78	95	25	86	94	10	82	8	83	15	32	77	12	47	35	72	47	97	7	83	78	95	18	1	41	55	
7	19	10	9	3	20	47	79	83	74	4	42	98	27	69	14	77	35	100	81	5	76	90	65	50	49	18	24	89	46	88	9	81	43	12	1	79	71	30	61	97	25	59	21	24	68	5	68	79	19	
11	51	49	86	27	28	77	59	41	90	1	72	82	49	77	31	46	92	60	20	70	60	23	46	99	60	19	83	52	62	45	62	61	36	22	97	87	63	73	18	7	59	49	9	65	59	95	12	50	16	
26	100	11	87	62	46	9	77	24	38	44	67	7	42	73	31	22	54	63	96	45	39	75	30	20	69	90	25	76	18	85	44	87	83	80	49	72	16	16	23	83	21	9	97	68	73	84	77	19	48	
36	87	78	33	1	46	56	68	21	56	80	20	68	51	22	97	74	16	39	3	85	87	18	70	51	73	53	76	9	52	41	30	93	96	18	12	63	10	35	22	78	24	65	68	16	25	80	22	17	17	
41	63	47	26	43	96	5	92	11	74	90	71	66	87	74	37	3	92	72	94	93	99	95	30	16	34	75	53	78	49	52	48	86	22	84	17	54	71	49	41	95	68	59	73	25	43	7	74	8	11	
22	56	31	28	48	25	61	75	81	62	68	77	73	30	59	5	9	47	74	36	71	17	9	41	28	90	45	69	46	15	18	74	73	99	20	36	27	46	57	16	18	5	95	84	80	7	66	35	99	57	
10	57	94	85	75	60	83	64	6	33	57	34	68	95	56	58	36	81	68	92	34	91	85	47	45	26	30	19	95	57	64	14	86	34	77	33	10	46	43	76	1	68	12	77	22	74	35	68	87	77	
92	84	15	87	81	36	33	91	69	45	71	28	31	62	11	23	42	50	20	87	70	95	63	89	65	84	16	10	15	50	92	16	7	1	24	76	51	20	92	94	41	79	50	19	17	8	99	87	80	43	
14	33	22	60	23	66	27	9	24	89	70	68	54	85	22	44	93	56	71	47	7	58	60	5	71	72	1	58	32	67	29	35	33	34	89	20	17	85	14	13	55	19	16	48	17	11	57	77	43	38	
