50
1573
2	94	15	90	88	66	52	32	29	40	1	51	77	72	46	1	58	32	94	40	84	28	17	25	57	48	6	84	5	25	90	34	69	93	50	81	68	39	61	100	35	58	67	42	100	80	71	96	43	28	
43	78	1	39	38	92	75	55	35	99	24	78	86	23	12	96	42	15	30	32	18	83	93	11	22	53	65	99	63	19	77	39	14	62	67	74	85	84	70	44	1	43	86	23	29	62	95	57	14	24	
78	55	79	84	12	24	2	7	63	77	17	30	80	70	12	5	52	87	80	83	92	59	63	25	12	87	66	23	21	45	44	70	16	21	21	25	54	79	87	65	10	78	62	26	42	35	4	98	17	76	
1	79	37	31	73	26	27	82	98	1	73	66	63	57	40	54	63	82	91	78	92	71	76	31	46	88	23	92	63	91	92	76	45	2	59	56	10	68	50	82	99	73	57	20	66	51	75	39	73	41	
39	84	31	89	96	59	98	68	83	24	94	88	65	72	92	93	15	90	20	13	84	9	9	86	41	59	53	29	46	89	42	36	10	98	29	42	32	19	53	67	46	78	11	58	33	41	30	97	83	33	
38	12	73	96	1	83	50	47	1	92	63	37	38	89	17	62	3	65	53	83	46	75	64	100	13	10	79	7	17	63	97	15	43	38	25	30	66	20	57	24	6	10	15	12	20	85	86	33	28	11	
92	24	26	59	83	88	67	100	2	6	91	78	8	23	96	61	66	4	44	53	89	6	28	20	66	72	24	45	89	96	77	61	72	17	63	29	78	80	87	5	63	7	36	29	35	14	50	30	56	25	
75	2	27	98	50	67	37	50	4	11	59	67	58	6	1	72	33	15	22	95	39	37	88	98	22	72	66	19	72	100	17	28	11	43	50	52	43	24	98	97	45	94	42	13	23	3	15	85	20	64	
55	7	82	68	47	100	50	29	96	61	36	95	54	92	22	23	31	86	98	92	78	16	62	34	86	40	89	41	47	36	5	100	4	40	66	73	47	5	21	1	59	49	96	54	69	34	50	92	90	71	
35	63	98	83	1	2	4	96	9	46	92	45	58	42	72	72	1	63	80	43	39	45	63	19	59	25	26	15	61	87	44	10	71	6	67	4	77	16	54	64	82	21	28	84	77	96	53	31	26	63	
99	77	1	24	92	6	11	61	46	72	24	7	66	95	66	28	46	11	98	77	61	56	32	20	63	90	30	39	10	57	77	90	92	52	71	18	59	56	35	50	25	17	52	10	33	12	83	45	75	31	
24	17	73	94	63	91	59	36	92	24	31	43	64	73	70	92	95	61	74	45	100	65	97	93	10	62	32	78	88	22	28	23	86	54	51	43	24	84	16	60	65	66	3	100	83	20	26	30	38	59	
78	30	66	88	37	78	67	95	45	7	43	8	47	18	62	99	37	78	17	92	11	64	97	25	41	51	89	49	94	78	22	30	50	12	77	2	78	10	17	34	52	94	39	69	81	44	7	46	32	59	
86	80	63	65	38	8	58	54	58	66	64	47	58	76	29	41	12	61	59	75	74	67	29	90	36	47	27	36	30	24	71	44	92	29	66	70	93	37	36	80	31	95	97	71	44	16	45	30	8	95	
23	70	57	72	89	23	6	92	42	95	73	18	76	22	74	96	23	24	7	34	18	60	72	55	51	32	12	73	75	17	85	47	64	84	78	36	60	99	16	95	81	84	79	13	39	11	51	43	51	3	
12	12	40	92	17	96	1	22	72	66	70	62	29	74	57	48	66	4	15	77	10	25	56	82	53	88	58	58	19	61	44	68	79	12	14	20	23	44	30	89	76	40	82	52	43	93	20	81	14	49	
96	5	54	93	62	61	72	23	72	28	92	99	41	96	48	51	84	92	33	24	12	32	85	56	97	74	30	43	57	42	5	61	67	42	74	84	49	28	18	32	42	78	9	6	55	23	29	58	4	82	
42	52	63	15	3	66	33	31	1	46	95	37	12	23	66	84	64	38	84	55	58	53	17	56	49	56	30	66	88	81	54	46	73	88	46	71	37	95	79	8	57	52	37	87	42	29	26	42	42	23	
15	87	82	90	65	4	15	86	63	11	61	78	61	24	4	92	38	16	73	75	15	10	57	59	33	28	21	38	44	44	95	61	86	64	70	80	56	53	63	23	51	56	4	4	6	85	64	1	58	43	
30	80	91	20	53	44	22	98	80	98	74	17	59	7	15	33	84	73	61	26	46	43	36	13	29	98	42	74	10	78	52	90	39	8	3	9	26	92	39	17	67	1	87	76	37	71	19	72	22	39	
32	83	78	13	83	53	95	92	43	77	45	92	75	34	77	24	55	75	26	5	59	61	10	15	43	66	86	63	69	81	96	34	72	92	79	73	74	20	70	68	34	7	64	57	69	19	62	29	36	43	
18	92	92	84	46	89	39	78	39	61	100	11	74	18	10	12	58	15	46	59	66	29	64	88	70	1	26	76	29	7	99	22	31	6	87	80	68	1	79	65	49	49	62	54	37	26	20	9	84	66	
83	59	71	9	75	6	37	16	45	56	65	64	67	60	25	32	53	10	43	61	29	24	50	27	45	30	8	62	91	66	20	59	86	59	82	7	31	22	98	66	52	42	66	44	69	77	16	84	3	93	
93	63	76	9	64	28	88	62	63	32	97	97	29	72	56	85	17	57	36	10	64	50	69	71	95	97	84	89	18	85	86	64	38	66	84	98	47	86	67	80	22	80	29	20	57	8	43	3	77	18	
11	25	31	86	100	20	98	34	19	20	93	25	90	55	82	56	56	59	13	15	88	27	71	33	9	30	2	72	100	39	99	78	67	28	34	43	35	15	52	94	33	19	73	43	18	63	57	96	63	58	
22	12	46	41	13	66	22	86	59	63	10	41	36	51	53	97	49	33	29	43	70	45	95	9	24	6	2	35	23	34	64	77	97	27	22	2	60	75	11	29	68	77	69	17	78	55	83	7	43	13	
53	87	88	59	10	72	72	40	25	90	62	51	47	32	88	74	56	28	98	66	1	30	97	30	6	89	86	63	44	39	85	81	9	72	57	63	83	34	22	26	43	3	96	75	79	93	41	49	64	28	
65	66	23	53	79	24	66	89	26	30	32	89	27	12	58	30	30	21	42	86	26	8	84	2	2	86	29	77	50	31	99	93	74	48	19	92	92	69	2	6	73	27	88	71	86	71	29	10	89	54	
99	23	92	29	7	45	19	41	15	39	78	49	36	73	58	43	66	38	74	63	76	62	89	72	35	63	77	41	8	1	12	37	81	33	45	50	96	88	48	43	65	94	46	96	45	50	23	23	56	15	
63	21	63	46	17	89	72	47	61	10	88	94	30	75	19	57	88	44	10	69	29	91	18	100	23	44	50	8	40	69	3	75	55	41	46	31	35	69	39	5	76	73	46	73	1	30	37	78	42	100	
19	45	91	89	63	96	100	36	87	57	22	78	24	17	61	42	81	44	78	81	7	66	85	39	34	39	31	1	69	10	85	41	28	78	91	37	28	78	98	22	5	63	32	48	26	68	90	94	21	8	
77	44	92	42	97	77	17	5	44	77	28	22	71	85	44	5	54	95	52	96	99	20	86	99	64	85	99	12	3	85	68	67	92	94	72	88	76	70	31	35	29	75	68	69	64	12	90	9	79	7	
39	70	76	36	15	61	28	100	10	90	23	30	44	47	68	61	46	61	90	34	22	59	64	78	77	81	93	37	75	41	67	34	74	98	66	61	82	40	95	44	33	63	100	19	90	26	40	12	40	37	
14	16	45	10	43	72	11	4	71	92	86	50	92	64	79	67	73	86	39	72	31	86	38	67	97	9	74	81	55	28	92	74	36	27	73	78	42	44	74	88	60	6	81	35	5	43	75	11	65	35	
62	21	2	98	38	17	43	40	6	52	54	12	29	84	12	42	88	64	8	92	6	59	66	28	27	72	48	33	41	78	94	98	27	21	13	54	13	43	39	25	81	60	67	64	39	93	75	55	19	52	
67	21	59	29	25	63	50	66	67	71	51	77	66	78	14	74	46	70	3	79	87	82	84	34	22	57	19	45	46	91	72	66	73	13	88	68	48	20	1	25	25	30	76	20	59	58	41	84	67	86	
74	25	56	42	30	29	52	73	4	18	43	2	70	36	20	84	71	80	9	73	80	7	98	43	2	63	92	50	31	37	88	61	78	54	68	98	10	46	3	74	36	58	69	39	44	70	89	25	15	55	
85	54	10	32	66	78	43	47	77	59	24	78	93	60	23	49	37	56	26	74	68	31	47	35	60	83	92	96	35	28	76	82	42	13	48	10	73	48	34	68	4	49	12	81	8	81	81	15	36	75	
84	79	68	19	20	80	24	5	16	56	84	10	37	99	44	28	95	53	92	20	1	22	86	15	75	34	69	88	69	78	70	40	44	43	20	46	48	2	72	97	99	97	59	81	20	52	18	40	26	28	
70	87	50	53	57	87	98	21	54	35	16	17	36	16	30	18	79	63	39	70	79	98	67	52	11	22	2	48	39	98	31	95	74	39	1	3	34	72	19	13	6	52	48	6	4	87	96	85	55	48	
44	65	82	67	24	5	97	1	64	50	60	34	80	95	89	32	8	23	17	68	65	66	80	94	29	26	6	43	5	22	35	44	88	25	25	74	68	97	13	55	61	81	44	77	8	89	21	90	60	79	
1	10	99	46	6	63	45	59	82	25	65	52	31	81	76	42	57	51	67	34	49	52	22	33	68	43	73	65	76	5	29	33	60	81	25	36	4	99	6	61	77	88	87	63	34	25	79	36	74	84	
43	78	73	78	10	7	94	49	21	17	66	94	95	84	40	78	52	56	1	7	49	42	80	19	77	3	27	94	73	63	75	63	6	60	30	58	49	97	52	81	88	12	79	9	89	85	85	2	79	15	
86	62	57	11	15	36	42	96	28	52	3	39	97	79	82	9	37	4	87	64	62	66	29	73	69	96	88	46	46	32	68	100	81	67	76	69	12	59	48	44	87	79	21	41	17	30	77	41	11	19	
23	26	20	58	12	29	13	54	84	10	100	69	71	13	52	6	87	4	76	57	54	44	20	43	17	75	71	96	73	48	69	19	35	64	20	39	81	81	6	77	63	9	41	97	95	67	17	10	79	86	
29	42	66	33	20	35	23	69	77	33	83	81	44	39	43	55	42	6	37	69	37	69	57	18	78	79	86	45	1	26	64	90	5	39	59	44	8	20	4	8	34	89	17	95	16	55	6	78	99	55	
62	35	51	41	85	14	3	34	96	12	20	44	16	11	93	23	29	85	71	19	26	77	8	63	55	93	71	50	30	68	12	26	43	93	58	70	81	52	87	89	25	85	30	67	55	93	72	10	92	6	
95	4	75	30	86	50	15	50	53	83	26	7	45	51	20	29	26	64	19	62	20	16	43	57	83	41	29	23	37	90	90	40	75	75	41	89	81	18	96	21	79	85	77	17	6	72	34	100	15	43	
57	98	39	97	33	30	85	92	31	45	30	46	30	43	81	58	42	1	72	29	9	84	3	96	7	49	10	23	78	94	9	12	11	55	84	25	15	40	85	90	36	2	41	10	78	10	100	89	7	37	
14	17	73	83	28	56	20	90	26	75	38	32	8	51	14	4	42	58	22	36	84	3	77	63	43	64	89	56	42	21	79	40	65	19	67	15	36	26	55	60	74	79	11	79	99	92	15	7	43	2	
24	76	41	33	11	25	64	71	63	31	59	59	95	3	49	82	23	43	39	43	66	93	18	58	13	28	54	15	100	8	7	37	35	52	86	55	75	28	48	79	84	15	19	86	55	6	43	37	2	77	
