50
1156
92	22	47	78	56	41	31	67	15	63	7	58	24	13	77	5	7	26	33	17	26	91	7	99	77	50	51	77	41	37	34	52	28	25	48	55	39	70	82	11	48	90	75	36	34	6	95	95	48	70	
94	29	4	5	22	34	83	17	42	54	22	98	10	59	3	84	79	9	81	26	49	35	15	63	46	27	87	62	16	53	14	63	57	35	33	84	5	87	48	97	96	1	60	34	9	87	59	59	53	96	
29	98	59	38	97	36	78	38	13	59	11	27	15	2	37	54	89	94	56	20	85	75	46	6	25	34	50	31	6	64	27	7	7	97	95	92	15	89	33	16	2	12	67	78	10	14	39	43	27	68	
4	59	41	69	12	46	6	2	93	15	12	20	95	8	64	31	84	12	9	36	24	42	47	68	27	16	66	78	76	13	87	81	15	53	21	91	83	84	24	84	97	49	10	23	91	86	20	59	68	10	
5	38	69	41	16	100	20	95	40	25	54	42	5	57	83	85	74	74	20	52	8	92	71	78	79	25	77	40	34	89	57	23	31	63	56	88	80	34	64	72	69	99	59	53	16	76	48	9	29	74	
22	97	12	16	34	86	71	29	28	40	48	87	45	94	25	9	50	77	59	75	67	17	37	28	16	37	90	17	26	45	92	10	45	39	31	40	6	42	87	36	31	94	2	23	81	70	97	15	69	53	
34	36	46	100	86	5	40	28	3	18	48	48	67	9	78	74	31	66	81	38	18	2	93	52	33	6	22	55	58	51	57	87	57	27	78	19	9	13	94	13	83	48	39	79	20	99	94	8	70	67	
83	78	6	20	71	40	88	53	63	34	23	88	23	30	64	79	92	66	62	57	11	7	91	48	41	31	79	94	57	86	96	61	10	14	58	93	49	97	80	21	46	9	33	42	81	4	82	72	6	90	
17	38	2	95	29	28	53	27	65	62	20	16	93	32	38	12	18	36	28	35	23	99	38	58	9	74	42	71	20	100	9	59	28	21	1	81	14	100	94	61	76	5	21	24	44	28	59	90	77	73	
42	13	93	40	28	3	63	65	30	64	70	4	96	75	51	11	90	53	12	28	10	6	83	36	23	63	49	81	43	48	12	17	46	18	25	7	10	50	53	16	5	91	12	70	45	85	24	31	68	69	
54	59	15	25	40	18	34	62	64	17	16	1	39	67	71	18	65	96	7	45	62	53	70	77	57	64	69	36	59	33	57	41	2	82	56	40	71	51	87	36	19	6	86	45	21	48	31	40	74	9	
22	11	12	54	48	48	23	20	70	16	70	2	82	19	63	64	39	39	37	59	17	51	50	61	65	76	68	98	82	39	54	63	31	59	48	24	8	84	48	71	25	33	88	32	25	4	13	28	57	14	
98	27	20	42	87	48	88	16	4	1	2	4	44	37	49	18	99	80	9	16	10	12	85	65	13	22	57	44	55	16	89	24	99	15	50	54	60	7	95	69	84	75	29	59	47	23	93	42	90	100	
10	15	95	5	45	67	23	93	96	39	82	44	36	16	30	97	88	85	51	3	2	35	90	59	8	12	11	94	93	33	72	96	34	47	46	35	75	96	41	51	33	66	4	53	100	21	73	36	54	97	
59	2	8	57	94	9	30	32	75	67	19	37	16	28	23	13	81	25	15	51	63	87	62	75	75	26	63	84	47	90	40	98	85	26	80	90	50	53	53	69	24	57	81	81	51	7	75	20	60	31	
3	37	64	83	25	78	64	38	51	71	63	49	30	23	90	80	29	52	14	87	3	57	8	35	68	75	23	6	21	64	35	53	83	50	90	20	53	61	67	59	54	4	51	57	11	72	52	39	5	39	
84	54	31	85	9	74	79	12	11	18	64	18	97	13	80	44	93	61	1	74	28	47	42	8	28	79	97	29	11	27	52	2	89	5	15	17	29	19	74	58	80	51	85	25	35	84	61	84	53	65	
79	89	84	74	50	31	92	18	90	65	39	99	88	81	29	93	41	86	39	49	18	62	1	69	16	30	23	15	45	13	87	19	3	99	76	69	71	24	76	53	16	7	5	87	65	69	77	70	92	92	
9	94	12	74	77	66	66	36	53	96	39	80	85	25	52	61	86	69	22	67	61	37	63	2	8	94	54	54	1	66	84	35	87	19	64	79	47	86	13	77	89	49	93	42	80	17	8	80	60	51	
81	56	9	20	59	81	62	28	12	7	37	9	51	15	14	1	39	22	57	38	33	100	53	4	27	51	75	48	95	97	72	67	54	93	51	7	89	71	91	97	59	25	52	17	88	30	43	100	1	21	
26	20	36	52	75	38	57	35	28	45	59	16	3	51	87	74	49	67	38	92	83	4	93	78	68	52	89	29	74	16	18	17	45	53	86	4	95	56	9	65	81	41	7	59	78	38	24	27	86	4	
49	85	24	8	67	18	11	23	10	62	17	10	2	63	3	28	18	61	33	83	42	31	9	50	95	98	35	20	87	20	56	53	48	87	56	20	5	96	9	89	40	1	21	23	16	75	93	79	97	9	
35	75	42	92	17	2	7	99	6	53	51	12	35	87	57	47	62	37	100	4	31	75	14	1	61	10	67	33	52	61	79	26	4	9	81	24	45	88	24	79	90	21	82	31	29	6	3	75	66	92	
15	46	47	71	37	93	91	38	83	70	50	85	90	62	8	42	1	63	53	93	9	14	64	98	65	57	20	28	51	91	37	55	39	24	10	94	41	76	97	15	65	78	56	86	8	46	77	39	47	59	
63	6	68	78	28	52	48	58	36	77	61	65	59	75	35	8	69	2	4	78	50	1	98	98	15	51	53	98	52	10	44	33	53	8	73	31	76	15	7	12	16	43	87	52	83	28	59	95	51	55	
46	25	27	79	16	33	41	9	23	57	65	13	8	75	68	28	16	8	27	68	95	61	65	15	25	61	55	42	92	10	40	58	36	83	97	71	95	27	29	80	83	51	17	66	34	93	16	21	90	9	
27	34	16	25	37	6	31	74	63	64	76	22	12	26	75	79	30	94	51	52	98	10	57	51	61	78	100	89	34	18	40	100	49	57	16	37	4	57	88	36	99	14	26	89	92	95	91	93	5	19	
87	50	66	77	90	22	79	42	49	69	68	57	11	63	23	97	23	54	75	89	35	67	20	53	55	100	18	74	77	24	53	90	43	97	21	96	99	21	52	56	95	35	6	76	93	78	76	87	48	12	
62	31	78	40	17	55	94	71	81	36	98	44	94	84	6	29	15	54	48	29	20	33	28	98	42	89	74	33	86	37	78	75	69	98	74	61	96	37	65	96	85	29	10	13	23	79	49	86	86	37	
16	6	76	34	26	58	57	20	43	59	82	55	93	47	21	11	45	1	95	74	87	52	51	52	92	34	77	86	48	25	52	100	51	8	98	70	40	21	25	29	27	25	30	68	2	95	5	66	30	73	
53	64	13	89	45	51	86	100	48	33	39	16	33	90	64	27	13	66	97	16	20	61	91	10	10	18	24	37	25	30	92	89	10	48	82	41	7	40	62	67	81	69	55	43	60	77	69	7	2	66	
14	27	87	57	92	57	96	9	12	57	54	89	72	40	35	52	87	84	72	18	56	79	37	44	40	40	53	78	52	92	55	92	9	57	96	23	56	38	91	21	91	6	76	23	22	64	73	61	97	86	
63	7	81	23	10	87	61	59	17	41	63	24	96	98	53	2	19	35	67	17	53	26	55	33	58	100	90	75	100	89	92	87	35	45	45	93	7	24	76	55	10	95	42	37	53	55	40	22	81	4	
57	7	15	31	45	57	10	28	46	2	31	99	34	85	83	89	3	87	54	45	48	4	39	53	36	49	43	69	51	10	9	35	62	50	20	7	87	97	91	63	47	11	6	49	32	3	80	26	49	86	
35	97	53	63	39	27	14	21	18	82	59	15	47	26	50	5	99	19	93	53	87	9	24	8	83	57	97	98	8	48	57	45	50	94	44	50	68	90	69	51	58	94	58	40	11	61	45	22	23	10	
33	95	21	56	31	78	58	1	25	56	48	50	46	80	90	15	76	64	51	86	56	81	10	73	97	16	21	74	98	82	96	45	20	44	21	73	48	3	72	66	13	66	42	82	66	6	1	14	96	54	
84	92	91	88	40	19	93	81	7	40	24	54	35	90	20	17	69	79	7	4	20	24	94	31	71	37	96	61	70	41	23	93	7	50	73	17	16	4	85	48	42	20	48	20	82	84	76	25	28	40	
5	15	83	80	6	9	49	14	10	71	8	60	75	50	53	29	71	47	89	95	5	45	41	76	95	4	99	96	40	7	56	7	87	68	48	16	13	82	61	67	14	49	24	60	44	22	21	32	25	76	
87	89	84	34	42	13	97	100	50	51	84	7	96	53	61	19	24	86	71	56	96	88	76	15	27	57	21	37	21	40	38	24	97	90	3	4	82	66	83	13	79	32	62	32	47	26	45	6	63	16	
48	33	24	64	87	94	80	94	53	87	48	95	41	53	67	74	76	13	91	9	9	24	97	7	29	88	52	65	25	62	91	76	91	69	72	85	61	83	66	45	34	99	41	70	91	91	85	35	47	28	
97	16	84	72	36	13	21	61	16	36	71	69	51	69	59	58	53	77	97	65	89	79	15	12	80	36	56	96	29	67	21	55	63	51	66	48	67	13	45	53	36	100	22	53	12	26	15	18	53	12	
96	2	97	69	31	83	46	76	5	19	25	84	33	24	54	80	16	89	59	81	40	90	65	16	83	99	95	85	27	81	91	10	47	58	13	42	14	79	34	36	64	9	54	6	39	35	94	7	99	23	
1	12	49	99	94	48	9	5	91	6	33	75	66	57	4	51	7	49	25	41	1	21	78	43	51	14	35	29	25	69	6	95	11	94	66	20	49	32	99	100	9	50	10	14	68	4	30	20	79	74	
60	67	10	59	2	39	33	21	12	86	88	29	4	81	51	85	5	93	52	7	21	82	56	87	17	26	6	10	30	55	76	42	6	58	42	48	24	62	41	22	54	10	42	79	79	59	19	31	25	59	
34	78	23	53	23	79	42	24	70	45	32	59	53	81	57	25	87	42	17	59	23	31	86	52	66	89	76	13	68	43	23	37	49	40	82	20	60	32	70	53	6	14	79	90	93	16	40	84	37	47	
9	10	91	16	81	20	81	44	45	21	25	47	100	51	11	35	65	80	88	78	16	29	8	83	34	92	93	23	2	60	22	53	32	11	66	82	44	47	91	12	39	68	79	93	25	93	14	50	91	83	
87	14	86	76	70	99	4	28	85	48	4	23	21	7	72	84	69	17	30	38	75	6	46	28	93	95	78	79	95	77	64	55	3	61	6	84	22	26	91	26	35	4	59	16	93	91	10	9	64	12	
59	39	20	48	97	94	82	59	24	31	13	93	73	75	52	61	77	8	43	24	93	3	77	59	16	91	76	49	5	69	73	40	80	45	1	76	21	45	85	15	94	30	19	40	14	10	76	12	32	2	
59	43	59	9	15	8	72	90	31	40	28	42	36	20	39	84	70	80	100	27	79	75	39	95	21	93	87	86	66	7	61	22	26	22	14	25	32	6	35	18	7	20	31	84	50	9	12	25	48	53	
53	27	68	29	69	70	6	77	68	74	57	90	54	60	5	53	92	60	1	86	97	66	47	51	90	5	48	86	30	2	97	81	49	23	96	28	25	63	47	53	99	79	25	37	91	64	32	48	25	3	
96	68	10	74	53	67	90	73	69	9	14	100	97	31	39	65	92	51	21	4	9	92	59	55	9	19	12	37	73	66	86	4	86	10	54	40	76	16	28	12	23	74	59	47	83	12	2	53	3	100	
