50
1315
92	15	53	58	11	88	59	47	54	52	38	93	59	59	69	100	83	4	28	54	24	17	59	8	99	96	8	46	35	34	84	35	49	72	19	1	34	85	44	19	9	85	38	65	32	73	38	35	78	15	
71	76	57	6	54	56	94	97	96	9	33	2	97	44	79	99	24	31	5	15	90	29	63	61	78	26	47	4	34	33	70	54	37	64	41	47	39	19	40	87	64	11	57	66	80	33	12	32	97	10	
76	49	31	99	21	22	11	23	69	48	35	88	91	89	45	75	84	47	80	3	15	35	3	78	73	68	50	28	85	48	45	96	98	98	21	88	86	3	45	95	44	34	9	97	68	89	23	44	27	97	
57	31	80	4	40	67	63	31	8	7	89	83	8	97	7	80	60	97	15	50	9	67	78	86	45	59	82	58	96	5	87	76	60	70	33	37	58	82	95	87	14	19	26	68	1	71	31	61	21	56	
6	99	4	36	78	60	34	27	38	13	54	46	37	97	1	50	20	70	13	72	60	82	13	20	71	91	4	38	49	46	14	31	92	100	27	89	48	37	63	30	20	93	48	66	77	9	67	72	88	68	
54	21	40	78	5	79	27	50	24	45	61	8	1	1	92	1	100	11	76	46	13	68	27	41	12	3	18	82	44	59	1	26	46	72	55	92	24	82	8	99	60	28	56	21	22	96	44	62	1	14	
56	22	67	60	79	96	15	2	89	32	66	58	61	37	16	76	16	54	40	7	96	18	35	99	24	41	41	47	62	96	91	36	38	9	80	61	33	53	31	71	93	76	72	8	82	97	71	14	62	38	
94	11	63	34	27	15	23	15	78	71	14	76	26	6	76	27	20	47	95	79	61	67	22	72	24	6	63	7	83	64	17	53	85	89	25	3	71	68	25	96	41	95	97	53	5	65	68	31	66	28	
97	23	31	27	50	2	15	68	85	13	26	22	29	92	45	13	78	82	37	45	81	79	26	81	90	87	55	56	49	51	37	57	91	83	33	3	48	67	69	52	48	73	5	43	55	42	70	35	45	94	
96	69	8	38	24	89	78	85	35	41	94	26	53	45	3	3	79	63	28	32	25	23	29	67	66	36	35	29	61	61	42	26	67	16	27	11	81	57	27	42	95	94	54	15	43	93	99	79	42	95	
9	48	7	13	45	32	71	13	41	50	43	38	81	30	63	3	97	46	33	26	71	77	13	3	19	67	23	33	74	82	80	95	10	39	55	25	36	39	19	21	28	2	74	11	31	17	62	23	78	62	
33	35	89	54	61	66	14	26	94	43	41	70	79	26	40	58	28	20	82	2	68	90	69	17	50	81	31	82	48	17	70	77	19	68	79	83	35	86	60	66	86	99	13	79	93	42	52	8	77	37	
2	88	83	46	8	58	76	22	26	38	70	64	22	55	21	13	2	2	39	37	47	5	39	19	56	99	11	89	92	10	88	22	38	80	34	64	54	16	11	54	92	13	95	76	97	36	66	55	16	33	
97	91	8	37	1	61	26	29	53	81	79	22	41	35	54	78	16	6	44	88	18	39	72	45	46	83	18	44	68	71	99	2	70	98	89	23	74	13	44	92	91	84	50	15	69	16	26	85	81	54	
44	89	97	97	1	37	6	92	45	30	26	55	35	19	32	92	63	84	68	15	54	74	9	69	18	85	5	10	49	99	19	58	92	59	86	36	1	41	53	27	77	59	67	25	17	42	48	42	11	26	
79	45	7	1	92	16	76	45	3	63	40	21	54	32	85	34	3	51	100	90	77	55	92	95	44	17	13	15	85	26	40	38	91	27	23	51	11	55	23	19	82	47	12	69	71	36	32	66	14	81	
99	75	80	50	1	76	27	13	3	3	58	13	78	92	34	17	64	53	95	91	38	94	10	28	54	52	83	93	53	26	99	28	22	24	24	49	55	39	32	78	30	79	92	69	22	89	62	98	4	70	
24	84	60	20	100	16	20	78	79	97	28	2	16	63	3	64	19	52	24	7	83	96	12	81	93	24	93	28	91	23	47	43	6	59	30	71	12	20	2	19	3	6	1	2	94	1	65	17	81	87	
31	47	97	70	11	54	47	82	63	46	20	2	6	84	51	53	52	77	77	77	20	97	36	39	2	74	53	87	10	81	33	71	44	57	51	25	71	89	58	22	87	23	63	71	84	46	38	52	61	96	
5	80	15	13	76	40	95	37	28	33	82	39	44	68	100	95	24	77	28	81	10	17	40	13	85	34	29	52	44	8	97	85	29	5	34	92	37	62	99	24	9	17	60	81	31	26	75	84	87	45	
15	3	50	72	46	7	79	45	32	26	2	37	88	15	90	91	7	77	81	71	64	38	71	8	20	63	5	25	2	67	27	67	59	25	25	27	60	4	41	7	5	66	12	72	62	91	93	47	11	56	
90	15	9	60	13	96	61	81	25	71	68	47	18	54	77	38	83	20	10	64	13	40	89	92	69	80	85	91	26	57	56	9	76	67	81	38	48	88	75	40	59	3	82	86	34	40	66	23	56	41	
29	35	67	82	68	18	67	79	23	77	90	5	39	74	55	94	96	97	17	38	40	79	29	82	6	22	71	26	8	2	30	12	30	98	9	56	97	37	18	61	46	23	92	89	92	11	59	8	52	67	
63	3	78	13	27	35	22	26	29	13	69	39	72	9	92	10	12	36	40	71	89	29	65	89	15	98	78	5	5	65	88	80	2	1	79	8	70	79	59	82	20	46	45	31	74	60	15	26	12	49	
61	78	86	20	41	99	72	81	67	3	17	19	45	69	95	28	81	39	13	8	92	82	89	59	22	76	4	85	82	89	16	75	79	61	20	5	74	40	64	36	35	53	73	3	20	93	44	85	4	49	
78	73	45	71	12	24	24	90	66	19	50	56	46	18	44	54	93	2	85	20	69	6	15	22	48	54	60	27	55	39	34	82	15	35	98	97	43	86	27	81	44	51	4	77	74	48	95	56	51	20	
26	68	59	91	3	41	6	87	36	67	81	99	83	85	17	52	24	74	34	63	80	22	98	76	54	91	92	1	98	10	12	49	35	53	95	10	96	97	68	42	92	14	69	68	8	32	99	85	37	93	
47	50	82	4	18	41	63	55	35	23	31	11	18	5	13	83	93	53	29	5	85	71	78	4	60	92	60	43	64	75	10	3	56	85	85	42	9	88	16	58	99	61	65	21	41	17	57	49	99	27	
4	28	58	38	82	47	7	56	29	33	82	89	44	10	15	93	28	87	52	25	91	26	5	85	27	1	43	38	15	16	95	7	63	39	62	59	14	51	3	40	54	23	59	41	93	54	98	33	56	41	
34	85	96	49	44	62	83	49	61	74	48	92	68	49	85	53	91	10	44	2	26	8	5	82	55	98	64	15	85	19	66	31	78	20	65	3	12	94	25	5	83	62	37	45	80	87	57	18	72	25	
33	48	5	46	59	96	64	51	61	82	17	10	71	99	26	26	23	81	8	67	57	2	65	89	39	10	75	16	19	17	51	29	32	56	44	60	100	14	45	41	1	82	17	23	29	8	52	2	43	32	
70	45	87	14	1	91	17	37	42	80	70	88	99	19	40	99	47	33	97	27	56	30	88	16	34	12	10	95	66	51	28	54	67	84	24	1	60	23	37	35	10	46	79	49	46	25	15	42	7	93	
54	96	76	31	26	36	53	57	26	95	77	22	2	58	38	28	43	71	85	67	9	12	80	75	82	49	3	7	31	29	54	96	64	72	23	60	78	84	16	48	97	9	3	52	8	28	69	16	81	93	
37	98	60	92	46	38	85	91	67	10	19	38	70	92	91	22	6	44	29	59	76	30	2	79	15	35	56	63	78	32	67	64	19	34	48	65	93	68	16	55	40	21	23	82	1	88	59	18	77	89	
64	98	70	100	72	9	89	83	16	39	68	80	98	59	27	24	59	57	5	25	67	98	1	61	35	53	85	39	20	56	84	72	34	37	64	9	9	44	90	78	9	67	38	21	20	73	50	39	70	64	
41	21	33	27	55	80	25	33	27	55	79	34	89	86	23	24	30	51	34	25	81	9	79	20	98	95	85	62	65	44	24	23	48	64	16	60	63	45	79	31	84	19	41	75	16	6	58	62	23	14	
47	88	37	89	92	61	3	3	11	25	83	64	23	36	51	49	71	25	92	27	38	56	8	5	97	10	42	59	3	60	1	60	65	9	60	45	68	42	5	11	29	4	98	4	27	47	29	77	53	87	
39	86	58	48	24	33	71	48	81	36	35	54	74	1	11	55	12	71	37	60	48	97	70	74	43	96	9	14	12	100	60	78	93	9	63	68	58	99	19	6	42	7	11	70	14	36	29	48	53	23	
19	3	82	37	82	53	68	67	57	39	86	16	13	41	55	39	20	89	62	4	88	37	79	40	86	97	88	51	94	14	23	84	68	44	45	42	99	20	85	50	63	8	34	87	21	60	96	95	72	25	
40	45	95	63	8	31	25	69	27	19	60	11	44	53	23	32	2	58	99	41	75	18	59	64	27	68	16	3	25	45	37	16	16	90	79	5	19	85	8	5	8	31	4	42	31	20	41	24	89	84	
87	95	87	30	99	71	96	52	42	21	66	54	92	27	19	78	19	22	24	7	40	61	82	36	81	42	58	40	5	41	35	48	55	78	31	11	6	50	5	33	31	80	6	32	67	88	38	30	49	91	
64	44	14	20	60	93	41	48	95	28	86	92	91	77	82	30	3	87	9	5	59	46	20	35	44	92	99	54	83	1	10	97	40	9	84	29	42	63	8	31	98	34	69	46	60	81	63	44	4	89	
11	34	19	93	28	76	95	73	94	2	99	13	84	59	47	79	6	23	17	66	3	23	46	53	51	14	61	23	62	82	46	9	21	67	19	4	7	8	31	80	34	39	64	14	2	49	72	10	49	65	
57	9	26	48	56	72	97	5	54	74	13	95	50	67	12	92	1	63	60	12	82	92	45	73	4	69	65	59	37	17	79	3	23	38	41	98	11	34	4	6	69	64	86	49	52	28	6	6	19	44	
66	97	68	66	21	8	53	43	15	11	79	76	15	25	69	69	2	71	81	72	86	89	31	3	77	68	21	41	45	23	49	52	82	21	75	4	70	87	42	32	46	14	49	7	57	55	73	42	98	80	
80	68	1	77	22	82	5	55	43	31	93	97	69	17	71	22	94	84	31	62	34	92	74	20	74	8	41	93	80	29	46	8	1	20	16	27	14	21	31	67	60	2	52	57	76	31	98	70	83	13	
33	89	71	9	96	97	65	42	93	17	42	36	16	42	36	89	1	46	26	91	40	11	60	93	48	32	17	54	87	8	25	28	88	73	6	47	36	60	20	88	81	49	28	55	31	26	3	74	3	19	
12	23	31	67	44	71	68	70	99	62	52	66	26	48	32	62	65	38	75	93	66	59	15	44	95	99	57	98	57	52	15	69	59	50	58	29	29	96	41	38	63	72	6	73	98	3	8	12	47	9	
32	44	61	72	62	14	31	35	79	23	8	55	85	42	66	98	17	52	84	47	23	8	26	85	56	85	49	33	18	2	42	16	18	39	62	77	48	95	24	30	44	10	6	42	70	74	12	84	2	5	
97	27	21	88	1	62	66	45	42	78	77	16	81	11	14	4	81	61	87	11	56	52	12	4	51	37	99	56	72	43	7	81	77	70	23	53	53	72	89	49	4	49	19	98	83	3	47	2	75	77	
10	97	56	68	14	38	28	94	95	62	37	33	54	26	81	70	87	96	45	56	41	67	49	49	20	93	27	41	25	32	93	93	89	64	14	87	23	25	84	91	89	65	44	80	13	19	9	5	77	3	
