50
1391
29	74	14	10	26	20	80	59	75	89	51	50	41	5	94	18	80	86	59	87	34	6	90	14	18	82	17	86	51	82	54	85	57	66	13	52	32	93	59	63	63	73	38	3	27	35	92	69	21	67	
78	81	1	41	16	42	85	44	20	33	11	62	53	12	88	84	85	30	65	55	85	41	49	30	67	4	35	57	98	17	58	19	50	34	33	31	17	2	18	17	53	68	75	48	89	84	42	16	40	89	
81	51	15	40	56	82	68	7	35	28	32	12	14	42	47	64	13	87	48	98	35	61	96	68	96	18	28	63	84	89	36	12	35	85	41	68	1	63	79	63	66	1	21	19	98	37	11	85	94	13	
1	15	92	93	42	82	95	88	58	6	99	50	87	62	61	40	77	41	99	19	32	90	11	47	37	14	81	41	1	11	34	24	35	87	65	22	38	24	89	57	100	51	74	60	13	29	81	8	22	90	
41	40	93	25	91	33	33	92	76	90	86	33	39	89	10	72	93	78	57	79	94	22	7	47	21	11	57	78	45	49	44	60	94	71	27	83	14	53	56	84	63	84	46	14	53	75	47	17	33	94	
16	56	42	91	16	80	29	70	6	26	49	35	80	40	93	86	71	30	85	70	70	87	50	25	64	98	34	84	43	73	70	86	85	64	3	50	94	77	39	56	56	87	24	84	38	28	71	11	94	34	
42	82	82	33	80	15	32	80	1	99	74	58	13	51	17	74	19	4	97	89	5	58	53	84	88	21	70	32	38	43	30	43	66	61	52	30	50	41	40	58	97	25	9	64	17	62	45	52	90	69	
85	68	95	33	29	32	48	91	31	30	81	100	52	83	15	8	3	54	57	70	74	33	89	82	3	80	87	83	73	1	82	37	54	38	91	2	12	54	80	43	79	39	78	61	45	1	17	47	93	20	
44	7	88	92	70	80	91	39	21	49	19	52	97	42	88	55	37	26	97	47	11	60	38	99	76	93	61	74	46	55	81	85	37	36	60	9	85	1	23	29	38	89	2	86	12	5	96	43	22	92	
20	35	58	76	6	1	31	21	27	69	55	20	37	94	68	55	76	49	95	20	56	76	32	89	82	24	88	47	54	13	25	34	65	63	66	38	88	29	62	3	55	53	33	37	88	76	51	89	14	72	
33	28	6	90	26	99	30	49	69	72	68	68	88	25	41	78	98	21	34	82	92	72	86	2	53	48	36	41	4	34	80	91	75	58	88	43	59	59	54	56	12	58	93	51	30	74	40	9	57	14	
11	32	99	86	49	74	81	19	55	68	59	38	19	100	8	60	31	47	58	3	2	71	47	75	44	77	10	79	85	15	21	40	72	41	19	75	27	80	4	86	47	87	80	36	85	91	71	48	31	15	
62	12	50	33	35	58	100	52	20	68	38	8	88	6	71	18	2	8	41	75	79	81	62	94	37	19	47	37	70	65	34	9	10	7	61	7	42	96	5	55	74	87	65	10	79	66	80	68	40	92	
53	14	87	39	80	13	52	97	37	88	19	88	100	8	88	51	71	24	27	53	67	58	21	16	14	33	87	80	67	82	25	60	8	71	27	57	44	78	20	28	77	80	46	80	60	75	79	45	98	60	
12	42	62	89	40	51	83	42	94	25	100	6	8	72	50	41	25	81	12	48	79	68	6	55	67	87	8	77	83	52	10	98	47	39	41	51	59	30	12	91	44	55	31	4	60	14	66	99	35	5	
88	47	61	10	93	17	15	88	68	41	8	71	88	50	43	35	70	16	80	100	47	11	70	7	94	12	80	15	40	41	1	9	76	97	16	19	99	65	34	6	40	97	30	61	13	54	37	41	22	72	
84	64	40	72	86	74	8	55	55	78	60	18	51	41	35	42	86	13	92	55	28	19	89	52	54	33	16	97	42	37	72	13	88	49	87	56	59	58	32	47	30	38	84	85	5	71	18	49	12	99	
85	13	77	93	71	19	3	37	76	98	31	2	71	25	70	86	2	66	41	21	55	28	56	55	79	87	7	72	63	5	36	50	29	65	53	90	21	100	68	58	75	78	51	8	41	59	10	29	43	83	
30	87	41	78	30	4	54	26	49	21	47	8	24	81	16	13	66	61	76	5	44	88	45	1	91	91	80	99	85	55	14	72	8	32	32	60	54	6	7	12	52	17	25	93	16	82	35	95	81	31	
65	48	99	57	85	97	57	97	95	34	58	41	27	12	80	92	41	76	11	50	19	95	42	13	96	97	37	54	2	95	42	65	83	6	11	33	85	87	37	37	59	47	40	84	10	15	93	12	31	35	
55	98	19	79	70	89	70	47	20	82	3	75	53	48	100	55	21	5	50	14	53	39	51	54	73	88	31	92	14	38	75	25	73	39	84	29	24	13	76	52	18	53	99	90	96	50	35	87	31	86	
85	35	32	94	70	5	74	11	56	92	2	79	67	79	47	28	55	44	19	53	76	9	20	100	51	73	69	13	14	66	55	64	6	93	86	53	21	8	98	15	72	23	99	76	74	33	63	48	77	85	
41	61	90	22	87	58	33	60	76	72	71	81	58	68	11	19	28	88	95	39	9	71	52	73	30	89	11	79	13	77	99	69	28	21	54	37	56	37	9	72	2	55	13	25	82	17	53	39	66	15	
49	96	11	7	50	53	89	38	32	86	47	62	21	6	70	89	56	45	42	51	20	52	75	4	32	10	81	45	70	82	12	75	85	12	96	47	93	52	37	2	38	86	13	93	66	92	50	4	52	90	
30	68	47	47	25	84	82	99	89	2	75	94	16	55	7	52	55	1	13	54	100	73	4	86	1	28	58	22	29	98	59	90	43	71	45	32	94	34	4	1	68	33	93	45	41	88	73	8	91	96	
67	96	37	21	64	88	3	76	82	53	44	37	14	67	94	54	79	91	96	73	51	30	32	1	70	23	49	64	5	22	11	60	60	14	98	11	67	60	52	58	5	26	54	35	6	72	65	13	28	78	
4	18	14	11	98	21	80	93	24	48	77	19	33	87	12	33	87	91	97	88	73	89	10	28	23	27	92	14	80	16	90	14	36	76	60	36	97	2	37	20	6	77	99	20	80	83	17	32	9	21	
35	28	81	57	34	70	87	61	88	36	10	47	87	8	80	16	7	80	37	31	69	11	81	58	49	92	68	92	40	98	38	87	69	31	10	98	13	16	26	55	66	2	62	99	96	15	50	57	48	47	
57	63	41	78	84	32	83	74	47	41	79	37	80	77	15	97	72	99	54	92	13	79	45	22	64	14	92	53	78	24	30	25	25	2	68	95	2	72	44	41	91	8	17	60	7	64	93	79	27	65	
98	84	1	45	43	38	73	46	54	4	85	70	67	83	40	42	63	85	2	14	14	13	70	29	5	80	40	78	37	94	7	75	54	65	31	66	79	26	14	70	98	50	97	52	35	27	6	28	67	13	
17	89	11	49	73	43	1	55	13	34	15	65	82	52	41	37	5	55	95	38	66	77	82	98	22	16	98	24	94	88	94	89	93	42	97	54	90	77	47	83	85	37	98	65	72	76	79	5	90	52	
58	36	34	44	70	30	82	81	25	80	21	34	25	10	1	72	36	14	42	75	55	99	12	59	11	90	38	30	7	94	87	99	72	64	28	28	94	54	63	68	85	87	88	26	47	86	88	38	38	83	
19	12	24	60	86	43	37	85	34	91	40	9	60	98	9	13	50	72	65	25	64	69	75	90	60	14	87	25	75	89	99	97	51	48	98	2	40	4	93	61	95	42	58	67	1	85	72	72	65	19	
50	35	35	94	85	66	54	37	65	75	72	10	8	47	76	88	29	8	83	73	6	28	85	43	60	36	69	25	54	93	72	51	38	48	63	81	32	68	40	44	16	48	74	48	36	17	4	97	40	11	
34	85	87	71	64	61	38	36	63	58	41	7	71	39	97	49	65	32	6	39	93	21	12	71	14	76	31	2	65	42	64	48	48	57	98	40	89	86	68	87	60	24	31	45	42	53	60	24	93	51	
33	41	65	27	3	52	91	60	66	88	19	61	27	41	16	87	53	32	11	84	86	54	96	45	98	60	10	68	31	97	28	98	63	98	73	92	41	80	3	43	66	35	87	66	44	79	54	4	70	72	
31	68	22	83	50	30	2	9	38	43	75	7	57	51	19	56	90	60	33	29	53	37	47	32	11	36	98	95	66	54	28	2	81	40	92	49	94	89	67	98	61	32	93	18	96	3	8	8	11	93	
17	1	38	14	94	50	12	85	88	59	27	42	44	59	99	59	21	54	85	24	21	56	93	94	67	97	13	2	79	90	94	40	32	89	41	94	37	2	99	49	25	72	43	23	3	26	73	38	63	25	
2	63	24	53	77	41	54	1	29	59	80	96	78	30	65	58	100	6	87	13	8	37	52	34	60	2	16	72	26	77	54	4	68	86	80	89	2	4	33	23	46	4	77	52	69	34	28	58	7	98	
18	79	89	56	39	40	80	23	62	54	4	5	20	12	34	32	68	7	37	76	98	9	37	4	52	37	26	44	14	47	63	93	40	68	3	67	99	33	15	25	76	40	32	44	10	99	31	53	59	48	
17	63	57	84	56	58	43	29	3	56	86	55	28	91	6	47	58	12	37	52	15	72	2	1	58	20	55	41	70	83	68	61	44	87	43	98	49	23	25	42	34	75	72	72	35	83	43	66	83	5	
53	66	100	63	56	97	79	38	55	12	47	74	77	44	40	30	75	52	59	18	72	2	38	68	5	6	66	91	98	85	85	95	16	60	66	61	25	46	76	34	81	55	26	68	78	25	48	88	87	10	
68	1	51	84	87	25	39	89	53	58	87	87	80	55	97	38	78	17	47	53	23	55	86	33	26	77	2	8	50	37	87	42	48	24	35	32	72	4	40	75	55	42	64	64	26	15	38	38	34	73	
75	21	74	46	24	9	78	2	33	93	80	65	46	31	30	84	51	25	40	99	99	13	13	93	54	99	62	17	97	98	88	58	74	31	87	93	43	77	32	72	26	64	46	99	77	34	75	81	75	92	
48	19	60	14	84	64	61	86	37	51	36	10	80	4	61	85	8	93	84	90	76	25	93	45	35	20	99	60	52	65	26	67	48	45	66	18	23	52	44	72	68	64	99	83	78	42	90	27	31	98	
89	98	13	53	38	17	45	12	88	30	85	79	60	60	13	5	41	16	10	96	74	82	66	41	6	80	96	7	35	72	47	1	36	42	44	96	3	69	10	35	78	26	77	78	100	43	18	24	71	28	
84	37	29	75	28	62	1	5	76	74	91	66	75	14	54	71	59	82	15	50	33	17	92	88	72	83	15	64	27	76	86	85	17	53	79	3	26	34	99	83	25	15	34	42	43	73	88	87	5	82	
42	11	81	47	71	45	17	96	51	40	71	80	79	66	37	18	10	35	93	35	63	53	50	73	65	17	50	93	6	79	88	72	4	60	54	8	73	28	31	43	48	38	75	90	18	88	58	73	95	96	
16	85	8	17	11	52	47	43	89	9	48	68	45	99	41	49	29	95	12	87	48	39	4	8	13	32	57	79	28	5	38	72	97	24	4	8	38	58	53	66	88	38	81	27	24	87	73	74	71	3	
40	94	22	33	94	90	93	22	14	57	31	40	98	35	22	12	43	81	31	31	77	66	52	91	28	9	48	27	67	90	38	65	40	93	70	11	63	7	59	83	87	34	75	31	71	5	95	71	57	9	
89	13	90	94	34	69	20	92	72	14	15	92	60	5	72	99	83	31	35	86	85	15	90	96	78	21	47	65	13	52	83	19	11	51	72	93	25	98	48	5	10	73	92	98	28	82	96	3	9	41	
