50
1231
11	57	92	80	40	92	15	15	80	70	31	65	8	27	56	64	88	28	14	62	5	91	23	45	52	28	30	81	32	93	39	15	83	57	96	37	73	88	44	56	26	89	79	71	60	86	46	41	81	47	
30	61	61	36	83	36	18	40	16	67	76	47	41	56	77	46	75	41	63	83	34	70	99	46	82	36	35	9	48	33	24	68	83	84	79	68	54	12	48	23	2	3	62	50	62	77	7	89	7	13	
61	20	17	73	33	43	29	50	53	56	7	39	70	80	70	33	21	81	70	4	15	76	95	95	86	73	27	86	1	27	81	11	98	89	86	39	1	33	90	13	67	100	97	53	61	52	70	39	96	32	
61	17	91	2	63	61	85	69	3	55	79	18	97	99	67	26	38	2	91	57	17	58	51	79	7	74	81	27	65	40	14	79	92	87	53	67	92	15	33	20	84	70	32	69	54	43	51	92	29	39	
36	73	2	84	87	14	87	48	89	78	96	18	6	45	10	15	4	59	63	6	83	11	14	9	51	41	71	9	69	56	14	100	3	49	100	95	6	86	71	25	14	75	31	36	87	58	31	89	15	76	
83	33	63	87	95	32	57	29	19	52	84	100	64	73	66	12	15	43	100	77	11	22	44	22	30	25	76	78	34	94	59	78	5	22	30	81	7	34	83	66	6	42	1	26	28	35	21	13	85	15	
36	43	61	14	32	99	100	33	19	92	32	48	22	23	91	8	63	23	98	76	11	90	17	49	91	31	24	4	87	18	10	13	57	61	66	22	56	67	69	35	66	82	81	25	1	60	83	24	17	14	
18	29	85	87	57	100	32	16	94	64	92	91	89	98	59	64	15	3	76	55	38	8	77	2	75	92	8	97	16	1	39	44	65	4	70	33	34	22	29	68	76	84	32	92	61	47	24	37	3	22	
40	50	69	48	29	33	16	77	52	8	26	3	25	93	55	29	53	96	50	26	15	4	48	53	73	50	15	38	97	43	77	14	76	20	92	55	23	50	56	36	63	31	67	30	58	29	18	91	94	49	
16	53	3	89	19	19	94	52	32	29	48	9	57	9	70	70	87	67	17	98	7	53	55	69	10	95	38	65	27	53	95	38	17	31	42	5	11	73	85	27	16	82	82	100	39	100	7	55	77	12	
67	56	55	78	52	92	64	8	29	4	8	84	89	11	73	91	39	30	9	34	68	51	19	11	72	93	84	40	70	79	14	97	99	17	26	38	81	67	30	5	56	97	49	51	20	22	77	97	60	12	
76	7	79	96	84	32	92	26	48	8	75	54	74	20	80	4	30	30	92	62	64	32	69	66	80	55	9	99	83	49	4	15	72	59	31	21	97	66	33	6	25	26	80	18	88	4	55	71	88	22	
47	39	18	18	100	48	91	3	9	84	54	70	60	40	75	75	25	10	28	76	11	5	44	17	41	58	97	3	52	40	35	56	99	53	23	58	20	7	53	68	37	87	42	25	4	6	5	44	98	80	
41	70	97	6	64	22	89	25	57	89	74	60	55	75	68	86	3	91	21	79	52	32	99	93	28	32	18	53	88	1	54	100	24	78	45	82	45	33	93	33	27	97	26	10	44	13	8	100	36	35	
56	80	99	45	73	23	98	93	9	11	20	40	75	81	23	91	28	90	38	38	76	60	77	87	84	34	66	54	95	78	20	23	52	98	60	51	82	63	85	20	49	28	49	36	95	28	31	32	13	68	
77	70	67	10	66	91	59	55	70	73	80	75	68	23	1	55	37	47	77	64	34	73	52	84	59	2	3	4	12	93	66	48	52	33	27	49	37	13	2	58	29	76	92	76	11	41	46	7	89	14	
46	33	26	15	12	8	64	29	70	91	4	75	86	91	55	99	78	49	78	38	67	79	27	1	18	17	97	82	69	31	22	69	43	40	23	49	65	33	58	44	50	78	79	74	78	12	40	94	57	84	
75	21	38	4	15	63	15	53	87	39	30	25	3	28	37	78	29	79	6	4	8	10	55	61	73	30	85	40	39	81	68	31	90	29	73	49	79	97	73	16	58	40	10	80	8	24	10	59	99	53	
41	81	2	59	43	23	3	96	67	30	30	10	91	90	47	49	79	44	72	59	2	86	11	26	55	70	49	66	6	28	5	1	30	89	27	74	72	63	31	3	94	91	47	51	59	10	7	92	6	34	
63	70	91	63	100	98	76	50	17	9	92	28	21	38	77	78	6	72	52	75	52	60	67	1	61	3	27	83	74	84	44	99	32	59	59	52	72	72	76	56	16	11	17	77	32	2	62	52	19	93	
83	4	57	6	77	76	55	26	98	34	62	76	79	38	64	38	4	59	75	38	13	7	65	51	1	8	18	7	41	100	62	5	95	51	93	19	63	36	11	52	61	33	11	70	97	70	15	99	31	55	
34	15	17	83	11	11	38	15	7	68	64	11	52	76	34	67	8	2	52	13	10	72	55	32	15	28	79	71	79	3	8	27	75	95	24	28	50	96	52	4	85	30	17	16	28	95	24	29	56	76	
70	76	58	11	22	90	8	4	53	51	32	5	32	60	73	79	10	86	60	7	72	43	96	44	95	23	12	87	25	49	71	71	98	49	53	15	100	4	4	47	86	36	7	83	60	75	9	1	52	23	
99	95	51	14	44	17	77	48	55	19	69	44	99	77	52	27	55	11	67	65	55	96	69	91	18	72	12	52	6	89	47	60	45	82	80	34	63	95	69	39	18	84	18	16	35	21	89	97	21	8	
46	95	79	9	22	49	2	53	69	11	66	17	93	87	84	1	61	26	1	51	32	44	91	89	46	99	76	43	28	16	100	40	64	16	70	11	88	89	88	18	39	76	61	67	10	62	94	65	85	57	
82	86	7	51	30	91	75	73	10	72	80	41	28	84	59	18	73	55	61	1	15	95	18	46	7	8	77	8	90	61	49	29	45	42	52	10	84	17	73	58	73	19	59	68	1	74	15	18	21	62	
36	73	74	41	25	31	92	50	95	93	55	58	32	34	2	17	30	70	3	8	28	23	72	99	8	77	44	85	58	29	85	46	36	86	91	1	50	61	91	62	77	59	14	7	80	1	81	31	63	45	
35	27	81	71	76	24	8	15	38	84	9	97	18	66	3	97	85	49	27	18	79	12	12	76	77	44	93	55	28	50	4	98	60	5	44	71	54	40	66	38	18	57	99	72	62	65	50	46	46	94	
9	86	27	9	78	4	97	38	65	40	99	3	53	54	4	82	40	66	83	7	71	87	52	43	8	85	55	3	38	37	35	55	52	32	75	9	26	10	50	51	15	42	67	10	81	41	83	91	29	90	
48	1	65	69	34	87	16	97	27	70	83	52	88	95	12	69	39	6	74	41	79	25	6	28	90	58	28	38	40	14	49	8	68	53	85	60	43	72	58	31	32	58	88	9	97	89	78	85	48	85	
33	27	40	56	94	18	1	43	53	79	49	40	1	78	93	31	81	28	84	100	3	49	89	16	61	29	50	37	14	87	21	27	44	62	61	15	3	77	72	77	18	80	76	74	39	3	2	56	31	25	
24	81	14	14	59	10	39	77	95	14	4	35	54	20	66	22	68	5	44	62	8	71	47	100	49	85	4	35	49	21	99	22	10	37	52	87	66	43	58	63	19	85	24	17	41	100	63	2	47	11	
68	11	79	100	78	13	44	14	38	97	15	56	100	23	48	69	31	1	99	5	27	71	60	40	29	46	98	55	8	27	22	76	3	30	68	73	16	49	79	40	72	16	63	67	73	65	84	70	96	22	
83	98	92	3	5	57	65	76	17	99	72	99	24	52	52	43	90	30	32	95	75	98	45	64	45	36	60	52	68	44	10	3	98	14	91	53	13	8	43	97	12	13	30	74	61	49	95	94	80	41	
84	89	87	49	22	61	4	20	31	17	59	53	78	98	33	40	29	89	59	51	95	49	82	16	42	86	5	32	53	62	37	30	14	31	84	100	66	79	76	27	51	28	10	14	31	27	21	83	40	46	
79	86	53	100	30	66	70	92	42	26	31	23	45	60	27	23	73	27	59	93	24	53	80	70	52	91	44	75	85	61	52	68	91	84	57	9	48	96	31	70	25	27	75	99	7	91	81	53	62	83	
68	39	67	95	81	22	33	55	5	38	21	58	82	51	49	49	49	74	52	19	28	15	34	11	10	1	71	9	60	15	87	73	53	100	9	30	24	52	100	19	42	31	48	85	80	3	20	92	93	25	
54	1	92	6	7	56	34	23	11	81	97	20	45	82	37	65	79	72	72	63	50	100	63	88	84	50	54	26	43	3	66	16	13	66	48	24	77	30	44	11	93	83	61	79	96	22	82	60	20	18	
12	33	15	86	34	67	22	50	73	67	66	7	33	63	13	33	97	63	72	36	96	4	95	89	17	61	40	10	72	77	43	49	8	79	96	52	30	32	80	63	20	59	79	89	12	94	50	34	63	73	
48	90	33	71	83	69	29	56	85	30	33	53	93	85	2	58	73	31	76	11	52	4	69	88	73	91	66	50	58	72	58	79	43	76	31	100	44	80	33	37	40	85	86	87	38	16	74	1	4	38	
23	13	20	25	66	35	68	36	27	5	6	68	33	20	58	44	16	3	56	52	4	47	39	18	58	62	38	51	31	77	63	40	97	27	70	19	11	63	37	74	56	13	55	32	85	65	36	100	3	2	
2	67	84	14	6	66	76	63	16	56	25	37	27	49	29	50	58	94	16	61	85	86	18	39	73	77	18	15	32	18	19	72	12	51	25	42	93	20	40	56	74	19	16	39	37	19	53	62	13	24	
3	100	70	75	42	82	84	31	82	97	26	87	97	28	76	78	40	91	11	33	30	36	84	76	19	59	57	42	58	80	85	16	13	28	27	31	83	59	85	13	19	91	80	88	63	61	52	34	84	11	
62	97	32	31	1	81	32	67	82	49	80	42	26	49	92	79	10	47	17	11	17	7	18	61	59	14	99	67	88	76	24	63	30	10	75	48	61	79	86	55	16	80	76	84	21	75	70	55	60	93	
50	53	69	36	26	25	92	30	100	51	18	25	10	36	76	74	80	51	77	70	16	83	16	67	68	7	72	10	9	74	17	67	74	14	99	85	79	89	87	32	39	88	84	19	47	31	65	24	81	20	
62	61	54	87	28	1	61	58	39	20	88	4	44	95	11	78	8	59	32	97	28	60	35	10	1	80	62	81	97	39	41	73	61	31	7	80	96	12	38	85	37	63	21	47	42	90	67	98	33	31	
77	52	43	58	35	60	47	29	100	22	4	6	13	28	41	12	24	10	2	70	95	75	21	62	74	1	65	41	89	3	100	65	49	27	91	3	22	94	16	65	19	61	75	31	90	40	12	95	79	32	
7	70	51	31	21	83	24	18	7	77	55	5	8	31	46	40	10	7	62	15	24	9	89	94	15	81	50	83	78	2	63	84	95	21	81	20	82	50	74	36	53	52	70	65	67	12	52	74	42	55	
89	39	92	89	13	24	37	91	55	97	71	44	100	32	7	94	59	92	52	99	29	1	97	65	18	31	46	91	85	56	2	70	94	83	53	92	60	34	1	100	62	34	55	24	98	95	74	55	61	22	
7	96	29	15	85	17	3	94	77	60	88	98	36	13	89	57	99	6	19	31	56	52	21	85	21	63	46	29	48	31	47	96	80	40	62	93	20	63	4	3	13	84	60	81	33	79	42	61	32	2	
13	32	39	76	15	14	22	49	12	12	22	80	35	68	14	84	53	34	93	55	76	23	8	57	62	45	94	90	85	25	11	22	41	46	83	25	18	73	38	2	24	11	93	20	31	32	55	22	2	78	
