50
1304
69	53	38	99	65	46	75	55	69	19	79	62	33	37	21	55	19	24	39	23	50	46	77	42	56	24	50	33	78	63	85	61	17	39	88	65	49	63	32	30	42	42	93	83	50	18	22	79	77	42	
18	14	6	78	89	100	70	68	23	58	31	98	64	4	11	24	60	85	67	7	5	58	16	38	77	17	94	80	46	33	28	57	23	77	77	99	40	72	52	63	2	53	36	20	52	81	87	7	15	63	
14	94	47	30	67	39	69	24	66	85	69	92	15	56	51	3	47	92	66	49	24	31	50	22	41	42	1	78	72	47	73	42	98	42	22	11	16	2	31	20	5	84	42	40	39	85	95	80	6	66	
6	47	98	52	7	59	94	32	97	77	61	41	40	56	12	22	59	23	45	29	68	8	37	69	7	72	49	18	44	5	37	86	8	23	96	60	62	99	48	2	72	58	89	95	78	59	65	88	82	61	
78	30	52	30	17	75	91	79	84	42	95	75	91	91	48	38	49	25	81	17	13	63	17	89	20	86	44	16	77	55	84	74	84	12	99	59	55	22	38	99	33	60	95	66	96	89	36	49	95	38	
89	67	7	17	4	100	92	21	54	81	66	63	17	70	9	28	52	54	20	40	71	31	65	67	1	89	67	85	49	69	19	83	44	58	55	37	59	6	89	95	56	2	21	99	35	23	2	10	65	11	
100	39	59	75	100	21	79	64	81	77	7	1	99	3	100	94	13	78	26	31	69	65	32	84	56	14	4	58	76	13	33	34	1	27	13	11	29	46	62	75	81	4	87	41	5	67	69	84	77	38	
70	69	94	91	92	79	55	19	52	48	91	71	92	92	79	78	15	56	4	99	70	59	75	37	72	1	56	17	75	52	64	23	100	74	43	63	77	12	20	93	41	88	26	72	82	19	75	10	90	61	
68	24	32	79	21	64	19	89	100	36	11	74	38	85	50	19	6	98	80	69	14	73	91	16	61	54	79	13	46	8	9	61	98	69	45	38	82	100	28	87	96	39	53	89	49	90	99	97	15	19	
23	66	97	84	54	81	52	100	87	55	88	95	4	2	21	76	42	6	26	55	92	10	23	30	7	57	95	20	67	88	88	77	34	52	54	43	97	97	93	49	100	63	50	63	30	48	16	63	71	88	
58	85	77	42	81	77	48	36	55	36	100	52	36	39	98	40	76	99	16	55	99	60	1	18	77	86	70	85	100	32	10	88	11	99	66	54	34	85	19	28	75	86	40	38	30	50	90	75	85	35	
31	69	61	95	66	7	91	11	88	100	44	97	5	55	35	42	56	89	96	31	25	65	23	20	83	79	90	37	46	55	83	17	69	69	4	81	55	45	85	39	78	65	48	83	16	25	27	95	75	52	
98	92	41	75	63	1	71	74	95	52	97	31	76	90	84	27	77	26	46	13	99	48	12	35	70	95	9	46	44	93	13	78	1	5	53	15	87	70	89	82	96	49	100	64	34	51	2	51	71	5	
64	15	40	91	17	99	92	38	4	36	5	76	95	84	53	29	2	6	99	73	22	57	34	14	100	88	2	84	33	78	31	17	39	95	65	76	33	74	20	36	73	52	8	17	19	71	15	64	59	50	
4	56	56	91	70	3	92	85	2	39	55	90	84	27	88	79	94	60	24	45	66	35	79	50	52	23	96	49	11	47	38	79	32	41	37	89	82	60	44	78	67	87	35	33	56	100	95	77	94	98	
11	51	12	48	9	100	79	50	21	98	35	84	53	88	70	25	81	59	2	67	27	32	80	79	93	4	2	96	67	61	2	60	86	33	99	26	93	16	50	22	90	72	68	45	14	51	97	7	36	68	
24	3	22	38	28	94	78	19	76	40	42	27	29	79	25	100	50	47	99	98	37	12	12	33	87	79	9	60	76	62	63	72	57	43	19	6	35	45	86	19	14	49	27	42	78	33	58	17	84	98	
60	47	59	49	52	13	15	6	42	76	56	77	2	94	81	50	16	100	9	93	3	38	66	74	89	24	60	19	34	4	64	11	64	30	46	35	98	45	55	94	26	82	34	54	82	22	35	77	60	49	
85	92	23	25	54	78	56	98	6	99	89	26	6	60	59	47	100	82	31	58	50	44	56	35	75	18	44	48	79	56	73	50	19	87	100	52	54	96	45	45	45	19	86	7	37	52	49	75	43	46	
67	66	45	81	20	26	4	80	26	16	96	46	99	24	2	99	9	31	81	66	10	29	86	62	80	16	55	16	49	40	23	61	95	26	78	50	36	46	9	34	15	83	30	19	15	48	35	72	42	53	
7	49	29	17	40	31	99	69	55	55	31	13	73	45	67	98	93	58	66	68	17	97	97	23	2	94	85	27	10	35	82	27	46	2	2	12	98	52	62	60	25	22	63	9	67	91	59	24	90	7	
5	24	68	13	71	69	70	14	92	99	25	99	22	66	27	37	3	50	10	17	75	38	77	25	32	30	46	83	38	70	57	13	10	25	56	76	29	62	68	33	5	48	39	19	91	46	97	63	32	47	
58	31	8	63	31	65	59	73	10	60	65	48	57	35	32	12	38	44	29	97	38	3	82	43	83	5	51	89	3	2	21	93	62	33	77	55	67	58	69	63	25	88	24	68	53	60	5	20	53	15	
16	50	37	17	65	32	75	91	23	1	23	12	34	79	80	12	66	56	86	97	77	82	22	37	13	75	47	18	24	57	3	31	60	41	36	53	23	82	55	70	73	14	56	19	14	6	46	96	31	76	
38	22	69	89	67	84	37	16	30	18	20	35	14	50	79	33	74	35	62	23	25	43	37	95	31	66	86	16	37	50	60	40	93	21	56	61	98	27	90	13	64	77	67	5	56	22	23	51	54	4	
77	41	7	20	1	56	72	61	7	77	83	70	100	52	93	87	89	75	80	2	32	83	13	31	97	14	74	62	85	30	45	7	42	2	67	81	28	22	12	98	28	79	46	39	89	20	52	52	52	2	
17	42	72	86	89	14	1	54	57	86	79	95	88	23	4	79	24	18	16	94	30	5	75	66	14	96	68	35	13	61	66	5	72	16	87	20	24	51	6	89	15	19	65	86	74	64	26	22	63	65	
94	1	49	44	67	4	56	79	95	70	90	9	2	96	2	9	60	44	55	85	46	51	47	86	74	68	76	19	6	6	51	95	28	99	88	48	9	2	72	33	63	11	26	17	1	96	58	90	13	45	
80	78	18	16	85	58	17	13	20	85	37	46	84	49	96	60	19	48	16	27	83	89	18	16	62	35	19	17	67	59	46	99	18	58	48	9	57	97	91	88	53	84	55	7	21	15	100	57	40	19	
46	72	44	77	49	76	75	46	67	100	46	44	33	11	67	76	34	79	49	10	38	3	24	37	85	13	6	67	1	64	41	94	26	63	70	45	18	89	10	80	25	65	94	19	91	14	40	31	5	27	
33	47	5	55	69	13	52	8	88	32	55	93	78	47	61	62	4	56	40	35	70	2	57	50	30	61	6	59	64	63	53	30	84	28	92	8	58	76	30	12	72	55	69	17	12	71	45	10	100	5	
28	73	37	84	19	33	64	9	88	10	83	13	31	38	2	63	64	73	23	82	57	21	3	60	45	66	51	46	41	53	75	39	6	26	100	48	38	13	90	21	70	6	15	19	39	20	9	22	37	13	
57	42	86	74	83	34	23	61	77	88	17	78	17	79	60	72	11	50	61	27	13	93	31	40	7	5	95	99	94	30	39	53	17	13	4	77	25	72	24	35	49	13	93	47	97	68	73	12	33	50	
23	98	8	84	44	1	100	98	34	11	69	1	39	32	86	57	64	19	95	46	10	62	60	93	42	72	28	18	26	84	6	17	29	10	46	94	22	10	11	24	44	70	100	98	21	60	71	80	28	86	
77	42	23	12	58	27	74	69	52	99	69	5	95	41	33	43	30	87	26	2	25	33	41	21	2	16	99	58	63	28	26	13	10	33	48	89	48	47	7	34	68	100	12	72	46	66	89	8	39	16	
77	22	96	99	55	13	43	45	54	66	4	53	65	37	99	19	46	100	78	2	56	77	36	56	67	87	88	48	70	92	100	4	46	48	14	91	63	29	22	97	43	96	36	39	57	73	59	83	81	83	
99	11	60	59	37	11	63	38	43	54	81	15	76	89	26	6	35	52	50	12	76	55	53	61	81	20	48	9	45	8	48	77	94	89	91	13	64	15	43	15	23	48	2	87	96	9	67	54	15	87	
40	16	62	55	59	29	77	82	97	34	55	87	33	82	93	35	98	54	36	98	29	67	23	98	28	24	9	57	18	58	38	25	22	48	63	64	73	24	25	60	44	100	48	22	60	76	23	23	43	66	
72	2	99	22	6	46	12	100	97	85	45	70	74	60	16	45	45	96	46	52	62	58	82	27	22	51	2	97	89	76	13	72	10	47	29	15	24	28	19	78	61	72	80	42	73	49	76	100	57	79	
52	31	48	38	89	62	20	28	93	19	85	89	20	44	50	86	55	45	9	62	68	69	55	90	12	6	72	91	10	30	90	24	11	7	22	43	25	19	62	27	97	97	66	34	47	76	7	88	14	86	
63	20	2	99	95	75	93	87	49	28	39	82	36	78	22	19	94	45	34	60	33	63	70	13	98	89	33	88	80	12	21	35	24	34	97	15	60	78	27	97	25	89	59	12	76	54	72	88	90	54	
2	5	72	33	56	81	41	96	100	75	78	96	73	67	90	14	26	45	15	25	5	25	73	64	28	15	63	53	25	72	70	49	44	68	43	23	44	61	97	25	57	98	31	94	49	21	7	71	41	35	
53	84	58	60	2	4	88	39	63	86	65	49	52	87	72	49	82	19	83	22	48	88	14	77	79	19	11	84	65	55	6	13	70	100	96	48	100	72	97	89	98	51	31	90	25	14	4	64	84	6	
36	42	89	95	21	87	26	53	50	40	48	100	8	35	68	27	34	86	30	63	39	24	56	67	46	65	26	55	94	69	15	93	100	12	36	2	48	80	66	59	31	31	67	23	74	11	87	50	15	44	
20	40	95	66	99	41	72	89	63	38	83	64	17	33	45	42	54	7	19	9	19	68	19	5	39	86	17	7	19	17	19	47	98	72	39	87	22	42	34	12	94	90	23	76	10	71	84	70	46	6	
52	39	78	96	35	5	82	49	30	30	16	34	19	56	14	78	82	37	15	67	91	53	14	56	89	74	1	21	91	12	39	97	21	46	57	96	60	73	47	76	49	25	74	10	5	27	82	36	13	10	
81	85	59	89	23	67	19	90	48	50	25	51	71	100	51	33	22	52	48	91	46	60	6	22	20	64	96	15	14	71	20	68	60	66	73	9	76	49	76	54	21	14	11	71	27	57	22	34	5	6	
87	95	65	36	2	69	75	99	16	90	27	2	15	95	97	58	35	49	35	59	97	5	46	23	52	26	58	100	40	45	9	73	71	89	59	67	23	76	7	72	7	4	87	84	82	22	36	48	30	63	
7	80	88	49	10	84	10	97	63	75	95	51	64	77	7	17	77	75	72	24	63	20	96	51	52	22	90	57	31	10	22	12	80	8	83	54	23	100	88	88	71	64	50	70	36	34	48	88	59	62	
15	6	82	95	65	77	90	15	71	85	75	71	59	94	36	84	60	43	42	90	32	53	31	54	52	63	13	40	5	100	37	33	28	39	81	15	43	57	14	90	41	84	15	46	13	5	30	59	91	47	
63	66	61	38	11	38	61	19	88	35	52	5	50	98	68	98	49	46	53	7	47	15	76	4	2	65	45	19	27	5	13	50	86	16	83	87	66	79	86	54	35	6	44	6	10	6	63	62	47	61	
