50
1178
5	96	65	69	98	64	51	86	6	62	63	50	35	71	72	54	66	63	42	47	46	39	17	65	38	54	96	86	79	86	12	43	1	64	77	49	87	56	44	7	32	37	5	17	95	100	64	39	11	24	
97	93	45	7	93	18	7	35	15	95	88	31	77	84	38	19	45	42	88	88	19	65	99	34	46	1	22	2	18	68	83	75	6	62	92	50	88	82	38	10	40	85	59	41	14	97	27	81	99	69	
93	13	33	98	25	89	16	22	80	8	8	81	70	82	33	47	35	96	1	38	46	69	6	15	32	93	98	59	74	89	27	22	47	43	74	44	13	49	97	80	41	27	34	46	89	81	21	92	67	85	
45	33	41	70	78	2	64	96	98	53	70	10	38	73	89	99	79	22	94	14	11	56	85	15	80	69	45	72	15	3	67	84	66	9	73	8	23	40	59	31	62	25	87	36	29	17	76	29	51	50	
7	98	70	6	32	49	98	67	25	21	12	45	10	19	28	16	84	86	86	95	78	100	90	8	37	94	64	90	89	99	28	34	39	54	10	39	53	10	14	62	45	65	91	78	4	52	71	8	67	64	
93	25	78	32	7	31	84	59	35	40	86	24	61	71	76	39	35	38	37	49	66	98	83	63	9	14	83	69	42	46	95	76	2	61	24	41	53	54	86	58	10	70	34	75	26	72	96	67	7	87	
18	89	2	49	31	26	81	34	47	49	34	18	83	31	74	53	79	46	87	61	55	50	95	51	22	100	70	99	7	53	77	22	30	67	11	4	33	98	33	53	47	7	93	19	37	23	58	34	34	45	
7	16	64	98	84	81	72	67	22	75	92	43	2	51	87	34	28	55	28	49	94	40	37	95	64	65	94	98	84	58	38	31	61	46	1	5	66	54	38	100	97	21	56	45	26	84	31	63	71	97	
35	22	96	67	59	34	67	26	25	78	51	90	90	100	80	86	62	96	39	49	37	17	94	68	68	90	76	44	36	88	93	81	48	73	50	98	78	25	63	85	46	57	58	61	90	97	21	91	11	2	
15	80	98	25	35	47	22	25	26	7	21	53	8	5	87	85	8	48	87	90	72	57	2	44	56	12	64	15	88	51	19	52	60	62	83	12	96	49	79	75	13	24	14	28	54	85	38	41	4	17	
95	8	53	21	40	49	75	78	7	99	95	69	3	4	67	15	92	31	64	7	90	71	54	9	75	29	49	68	23	61	74	46	67	69	48	86	56	46	44	98	96	74	59	16	18	21	3	17	73	15	
88	8	70	12	86	34	92	51	21	95	58	86	88	52	76	98	2	27	51	75	38	90	84	64	29	18	100	69	44	88	22	33	57	61	19	49	35	86	76	33	59	77	73	8	20	26	41	47	87	69	
31	81	10	45	24	18	43	90	53	69	86	41	74	64	74	73	55	81	69	34	4	39	25	93	19	73	7	41	24	68	49	19	5	62	40	27	64	34	13	7	2	75	70	88	62	67	39	9	85	34	
77	70	38	10	61	83	2	90	8	3	88	74	67	10	91	23	44	13	93	21	60	38	88	23	83	72	59	55	24	47	70	67	60	51	79	93	96	3	89	83	88	39	98	32	73	81	23	39	38	91	
84	82	73	19	71	31	51	100	5	4	52	64	10	12	53	55	77	81	36	15	37	58	51	82	82	65	58	20	84	82	7	53	77	9	30	18	69	13	91	51	57	9	12	69	100	17	38	60	27	60	
38	33	89	28	76	74	87	80	87	67	76	74	91	53	40	99	51	78	3	60	40	52	52	63	1	97	45	51	29	33	86	71	83	90	30	24	42	34	82	95	63	17	23	65	94	62	1	52	98	30	
19	47	99	16	39	53	34	86	85	15	98	73	23	55	99	60	53	40	50	63	78	66	65	68	85	41	9	42	17	55	52	98	87	45	3	6	58	35	13	4	26	49	81	33	1	35	88	42	44	64	
45	35	79	84	35	79	28	62	8	92	2	55	44	77	51	53	12	99	57	96	97	10	91	35	20	33	15	8	2	21	47	70	14	88	16	23	27	38	54	30	86	35	34	30	51	72	91	13	22	48	
42	96	22	86	38	46	55	96	48	31	27	81	13	81	78	40	99	82	71	16	39	97	56	90	81	98	46	39	73	17	85	1	11	87	84	70	73	77	98	77	83	69	40	58	81	16	24	36	37	15	
88	1	94	86	37	87	28	39	87	64	51	69	93	36	3	50	57	71	84	40	66	31	40	48	8	46	25	4	34	1	50	60	9	41	93	24	70	51	5	97	34	2	84	69	63	62	19	66	91	5	
88	38	14	95	49	61	49	49	90	7	75	34	21	15	60	63	96	16	40	87	36	17	43	64	33	5	65	73	48	87	21	93	32	29	75	93	61	45	31	96	82	16	2	53	56	17	95	95	12	39	
19	46	11	78	66	55	94	37	72	90	38	4	60	37	40	78	97	39	66	36	60	51	47	64	68	28	54	17	84	67	5	67	66	47	51	91	65	23	51	100	33	57	60	5	44	53	37	65	86	49	
65	69	56	100	98	50	40	17	57	71	90	39	38	58	52	66	10	97	31	17	51	41	11	97	56	38	12	85	8	68	29	93	82	9	34	68	74	27	70	27	97	95	68	82	51	3	66	16	97	62	
99	6	85	90	83	95	37	94	2	54	84	25	88	51	52	65	91	56	40	43	47	11	63	50	4	83	69	54	6	62	16	46	10	15	100	51	4	13	14	3	53	21	61	67	1	68	39	88	24	60	
34	15	15	8	63	51	95	68	44	9	64	93	23	82	63	68	35	90	48	64	64	97	50	37	14	18	77	27	35	98	31	81	4	30	33	14	42	15	67	13	30	48	49	32	35	4	88	94	6	77	
46	32	80	37	9	22	64	68	56	75	29	19	83	82	1	85	20	81	8	33	68	56	4	14	98	97	77	31	43	80	71	84	28	9	96	28	13	35	4	5	25	50	80	75	92	37	12	87	14	36	
1	93	69	94	14	100	65	90	12	29	18	73	72	65	97	41	33	98	46	5	28	38	83	18	97	13	96	87	96	74	32	11	27	53	83	34	25	8	3	15	23	94	59	6	56	95	97	1	49	64	
22	98	45	64	83	70	94	76	64	49	100	7	59	58	45	9	15	46	25	65	54	12	69	77	77	96	82	83	31	7	65	62	14	73	57	40	76	1	88	75	44	20	68	50	3	57	100	40	54	55	
2	59	72	90	69	99	98	44	15	68	69	41	55	20	51	42	8	39	4	73	17	85	54	27	31	87	83	46	94	86	14	35	65	78	39	2	19	96	49	15	75	56	58	36	13	54	98	60	2	62	
18	74	15	89	42	7	84	36	88	23	44	24	24	84	29	17	2	73	34	48	84	8	6	35	43	96	31	94	33	30	69	61	80	39	91	70	10	60	83	4	23	10	10	76	71	78	71	63	13	5	
68	89	3	99	46	53	58	88	51	61	88	68	47	82	33	55	21	17	1	87	67	68	62	98	80	74	7	86	30	40	22	43	58	97	12	9	57	78	75	62	39	42	4	19	42	28	20	30	14	28	
83	27	67	28	95	77	38	93	19	74	22	49	70	7	86	52	47	85	50	21	5	29	16	31	71	32	65	14	69	22	32	43	62	81	17	5	88	64	44	8	15	23	62	47	74	26	11	50	44	29	
75	22	84	34	76	22	31	81	52	46	33	19	67	53	71	98	70	1	60	93	67	93	46	81	84	11	62	35	61	43	43	7	97	51	26	80	66	80	85	1	39	6	18	57	31	90	88	56	76	83	
6	47	66	39	2	30	61	48	60	67	57	5	60	77	83	87	14	11	9	32	66	82	10	4	28	27	14	65	80	58	62	97	54	62	34	55	59	44	95	88	14	69	46	2	11	55	79	44	31	67	
62	43	9	54	61	67	46	73	62	69	61	62	51	9	90	45	88	87	41	29	47	9	15	30	9	53	73	78	39	97	81	51	62	89	7	35	1	86	88	53	34	93	35	61	60	11	1	53	60	95	
92	74	73	10	24	11	1	50	83	48	19	40	79	30	30	3	16	84	93	75	51	34	100	33	96	83	57	39	91	12	17	26	34	7	29	20	4	33	46	73	91	82	48	71	15	38	3	26	63	95	
50	44	8	39	41	4	5	98	12	86	49	27	93	18	24	6	23	70	24	93	91	68	51	14	28	34	40	2	70	9	5	80	55	35	20	61	32	73	56	95	59	45	23	37	8	69	13	8	33	70	
88	13	23	53	53	33	66	78	96	56	35	64	96	69	42	58	27	73	70	61	65	74	4	42	13	25	76	19	10	57	88	66	59	1	4	32	70	89	30	31	77	41	43	61	44	59	17	89	9	11	
82	49	40	10	54	98	54	25	49	46	86	34	3	13	34	35	38	77	51	45	23	27	13	15	35	8	1	96	60	78	64	80	44	86	33	73	89	25	20	62	17	8	72	56	81	62	86	37	17	18	
38	97	59	14	86	33	38	63	79	44	76	13	89	91	82	13	54	98	5	31	51	70	14	67	4	3	88	49	83	75	44	85	95	88	46	56	30	20	11	6	43	43	28	18	47	47	15	54	61	94	
10	80	31	62	58	53	100	85	75	98	33	7	83	51	95	4	30	77	97	96	100	27	3	13	5	15	75	15	4	62	8	1	88	53	73	95	31	62	6	1	18	20	10	75	78	31	48	79	20	4	
40	41	62	45	10	47	97	46	13	96	59	2	88	57	63	26	86	83	34	82	33	97	53	30	25	23	44	75	23	39	15	39	14	34	91	59	77	17	43	18	51	74	83	88	39	56	71	49	73	80	
85	27	25	65	70	7	21	57	24	74	77	75	39	9	17	49	35	69	2	16	57	95	21	48	50	94	20	56	10	42	23	6	69	93	82	45	41	8	43	20	74	71	1	60	21	68	80	22	98	13	
59	34	87	91	34	93	56	58	14	59	73	70	98	12	23	81	34	40	84	2	60	68	61	49	80	59	68	58	10	4	62	18	46	35	48	23	43	72	28	10	83	1	97	65	93	94	67	97	67	58	
41	46	36	78	75	19	45	61	28	16	8	88	32	69	65	33	30	58	69	53	5	82	67	32	75	6	50	36	76	19	47	57	2	61	71	37	61	56	18	75	88	60	65	2	43	45	61	33	65	60	
14	89	29	4	26	37	26	90	54	18	20	62	73	100	94	1	51	81	63	56	44	51	1	35	92	56	3	13	71	42	74	31	11	60	15	8	44	81	47	78	39	21	93	43	76	89	23	98	85	91	
97	81	17	52	72	23	84	97	85	21	26	67	81	17	62	35	72	16	62	17	53	3	68	4	37	95	57	54	78	28	26	90	55	11	38	69	59	62	47	31	56	68	94	45	89	39	64	42	20	47	
27	21	76	71	96	58	31	21	38	3	41	39	23	38	1	88	91	24	19	95	37	66	39	88	12	97	100	98	71	20	11	88	79	1	3	13	17	86	15	48	71	80	67	61	23	64	51	46	54	52	
81	92	29	8	67	34	63	91	41	17	47	9	39	60	52	42	13	36	66	95	65	16	88	94	87	1	40	60	63	30	50	56	44	53	26	8	89	37	54	79	49	22	97	33	98	42	46	55	20	64	
99	67	51	67	7	34	71	11	4	73	87	85	38	27	98	44	22	37	91	12	86	97	24	6	14	49	54	2	13	14	44	76	31	60	63	33	9	17	61	20	73	98	67	65	85	20	54	20	12	11	
69	85	50	64	87	45	97	2	17	15	69	34	91	60	30	64	48	15	5	39	49	62	60	77	36	64	55	62	5	28	29	83	67	95	95	70	11	18	94	4	80	13	58	60	91	47	52	64	11	95	
