50
1128
45	18	75	54	48	44	91	53	35	57	88	22	73	44	94	79	88	75	79	5	71	78	100	94	73	52	47	40	61	44	21	38	74	35	18	55	6	14	72	51	87	93	74	17	83	3	5	11	31	19	
84	39	8	50	31	97	80	43	61	95	84	92	67	55	88	19	94	28	92	79	95	87	5	56	99	23	44	61	51	100	84	58	24	16	7	60	15	56	55	79	83	38	92	76	82	15	59	71	41	26	
39	34	91	39	23	100	38	66	62	70	98	28	92	1	81	38	69	38	21	52	70	59	96	98	64	7	22	2	21	54	16	67	52	51	26	72	61	70	65	44	64	97	90	50	60	3	97	81	50	91	
8	91	81	38	36	97	53	47	35	35	91	95	23	2	37	36	7	3	55	25	15	60	2	49	4	81	100	8	45	86	58	13	88	12	45	88	9	8	58	46	5	4	68	76	83	20	20	83	99	75	
50	39	38	90	7	54	66	30	97	8	34	83	73	15	100	20	5	41	25	66	47	7	31	5	78	3	4	53	19	59	49	26	90	17	58	2	58	91	3	64	88	18	99	30	40	91	44	8	59	62	
31	23	36	7	87	39	70	2	20	28	40	71	57	13	77	9	28	63	39	18	25	64	11	62	8	83	38	42	75	72	84	38	21	19	60	34	93	86	3	82	46	73	30	24	13	74	30	56	85	20	
97	100	97	54	39	87	4	43	18	14	51	6	65	63	33	11	68	85	32	65	64	52	76	83	72	21	91	47	72	21	80	77	6	27	35	32	9	95	49	21	76	8	30	89	82	84	17	6	63	86	
80	38	53	66	70	4	10	93	40	22	49	84	53	72	35	14	32	16	80	27	6	29	38	22	85	38	36	100	16	39	48	100	5	81	48	64	6	40	28	28	22	50	41	16	87	17	96	37	12	45	
43	66	47	30	2	43	93	30	60	98	90	71	85	44	64	39	46	21	1	43	89	92	54	70	20	70	99	4	45	11	97	100	25	77	30	33	91	21	28	19	46	96	85	83	21	91	8	78	79	65	
61	62	35	97	20	18	40	60	1	44	87	82	23	50	70	89	95	73	9	84	25	43	77	81	9	89	20	55	77	57	79	58	60	100	76	18	60	15	68	55	35	59	26	83	54	68	38	89	81	8	
95	70	35	8	28	14	22	98	44	12	35	31	36	36	12	44	94	68	3	64	39	83	57	21	8	14	28	45	1	61	12	76	41	81	98	6	14	3	82	7	42	58	44	59	98	48	35	13	79	72	
84	98	91	34	40	51	49	90	87	35	84	35	21	85	27	53	35	39	90	10	51	12	43	88	18	84	6	50	98	84	50	96	21	74	4	94	38	27	81	87	91	69	81	12	35	57	45	25	57	34	
92	28	95	83	71	6	84	71	82	31	35	45	54	67	53	5	69	21	89	4	37	80	13	17	64	54	46	25	65	75	40	95	75	36	27	13	34	28	81	6	73	27	50	50	12	37	63	73	33	16	
67	92	23	73	57	65	53	85	23	36	21	54	88	45	6	21	89	100	22	39	69	46	43	49	89	54	53	8	2	34	18	21	81	19	56	28	76	1	60	11	51	80	72	40	17	76	12	73	5	76	
55	1	2	15	13	63	72	44	50	36	85	67	45	23	24	11	65	14	68	75	10	31	86	37	77	17	85	58	36	65	80	7	11	90	6	41	100	13	42	38	25	41	34	47	13	59	5	73	96	93	
88	81	37	100	77	33	35	64	70	12	27	53	6	24	60	41	34	3	38	54	53	92	73	44	97	75	23	41	50	63	82	64	77	64	73	88	82	100	80	14	13	19	5	90	58	40	52	14	92	58	
19	38	36	20	9	11	14	39	89	44	53	5	21	11	41	61	34	73	66	61	26	3	88	10	95	63	73	4	24	57	13	66	97	3	61	42	47	1	28	31	17	42	84	30	12	17	3	23	62	83	
94	69	7	5	28	68	32	46	95	94	35	69	89	65	34	34	72	97	62	100	36	38	45	67	61	23	72	36	83	36	75	32	62	11	81	91	62	61	90	71	11	100	23	41	39	19	67	15	20	90	
28	38	3	41	63	85	16	21	73	68	39	21	100	14	3	73	97	10	45	44	51	19	96	80	4	20	40	65	99	93	26	100	3	42	24	4	64	12	16	60	18	43	46	25	14	99	22	78	14	49	
92	21	55	25	39	32	80	1	9	3	90	89	22	68	38	66	62	45	58	62	41	44	30	71	92	16	22	54	51	89	57	13	2	11	23	62	67	40	63	21	98	4	91	82	24	78	12	61	91	11	
79	52	25	66	18	65	27	43	84	64	10	4	39	75	54	61	100	44	62	52	71	89	82	73	86	85	87	80	100	37	10	61	39	33	64	87	84	44	85	77	87	7	55	89	10	9	54	84	61	83	
95	70	15	47	25	64	6	89	25	39	51	37	69	10	53	26	36	51	41	71	97	97	95	9	57	29	59	20	94	39	26	60	29	78	27	19	72	8	50	32	98	94	15	58	60	83	41	51	40	41	
87	59	60	7	64	52	29	92	43	83	12	80	46	31	92	3	38	19	44	89	97	69	8	37	82	75	37	17	62	1	3	61	58	79	50	9	27	15	16	50	11	40	80	18	80	12	88	48	32	83	
5	96	2	31	11	76	38	54	77	57	43	13	43	86	73	88	45	96	30	82	95	8	89	85	93	13	26	41	74	97	41	94	59	29	78	30	21	23	65	60	96	71	84	84	8	45	13	2	85	33	
56	98	49	5	62	83	22	70	81	21	88	17	49	37	44	10	67	80	71	73	9	37	85	32	8	20	25	40	8	62	100	52	68	8	60	63	36	13	4	98	97	5	11	33	53	2	6	8	16	76	
99	64	4	78	8	72	85	20	9	8	18	64	89	77	97	95	61	4	92	86	57	82	93	8	38	67	11	47	46	15	85	100	3	24	73	13	18	69	90	31	36	19	81	13	47	35	59	68	6	54	
23	7	81	3	83	21	38	70	89	14	84	54	54	17	75	63	23	20	16	85	29	75	13	20	67	19	79	30	50	60	89	92	35	50	78	10	25	86	49	50	13	69	22	91	92	66	80	35	9	12	
44	22	100	4	38	91	36	99	20	28	6	46	53	85	23	73	72	40	22	87	59	37	26	25	11	79	65	71	53	10	54	97	66	8	86	90	61	65	27	29	28	40	63	45	81	21	63	74	2	4	
61	2	8	53	42	47	100	4	55	45	50	25	8	58	41	4	36	65	54	80	20	17	41	40	47	30	71	42	72	88	55	15	84	73	73	83	88	20	1	94	63	54	49	68	7	85	45	68	4	30	
51	21	45	19	75	72	16	45	77	1	98	65	2	36	50	24	83	99	51	100	94	62	74	8	46	50	53	72	78	35	98	69	36	9	87	42	4	9	4	61	50	8	20	96	5	13	84	17	87	32	
100	54	86	59	72	21	39	11	57	61	84	75	34	65	63	57	36	93	89	37	39	1	97	62	15	60	10	88	35	66	81	48	82	29	39	76	74	88	97	16	77	37	79	10	91	56	51	90	33	30	
84	16	58	49	84	80	48	97	79	12	50	40	18	80	82	13	75	26	57	10	26	3	41	100	85	89	54	55	98	81	75	14	69	15	44	88	58	58	65	58	92	64	95	69	76	64	31	66	95	22	
58	67	13	26	38	77	100	100	58	76	96	95	21	7	64	66	32	100	13	61	60	61	94	52	100	92	97	15	69	48	14	31	37	47	43	1	3	41	58	69	7	51	88	21	51	86	14	79	51	18	
24	52	88	90	21	6	5	25	60	41	21	75	81	11	77	97	62	3	2	39	29	58	59	68	3	35	66	84	36	82	69	37	37	26	79	33	29	26	62	22	93	75	66	71	22	56	79	78	66	11	
16	51	12	17	19	27	81	77	100	81	74	36	19	90	64	3	11	42	11	33	78	79	29	8	24	50	8	73	9	29	15	47	26	66	44	54	70	95	7	1	12	35	94	90	76	47	87	31	1	64	
7	26	45	58	60	35	48	30	76	98	4	27	56	6	73	61	81	24	23	64	27	50	78	60	73	78	86	73	87	39	44	43	79	44	64	68	79	23	88	85	47	44	94	77	40	65	25	96	55	19	
60	72	88	2	34	32	64	33	18	6	94	13	28	41	88	42	91	4	62	87	19	9	30	63	13	10	90	83	42	76	88	1	33	54	68	78	68	98	14	24	19	46	88	58	48	59	4	16	99	38	
15	61	9	58	93	9	6	91	60	14	38	34	76	100	82	47	62	64	67	84	72	27	21	36	18	25	61	88	4	74	58	3	29	70	79	68	80	25	78	70	5	4	91	15	33	76	31	50	23	28	
56	70	8	91	86	95	40	21	15	3	27	28	1	13	100	1	61	12	40	44	8	15	23	13	69	86	65	20	9	88	58	41	26	95	23	98	25	98	30	17	5	29	38	87	47	56	28	92	19	83	
55	65	58	3	3	49	28	28	68	82	81	81	60	42	80	28	90	16	63	85	50	16	65	4	90	49	27	1	4	97	65	58	62	7	88	14	78	30	56	51	75	67	47	31	34	47	58	14	56	27	
79	44	46	64	82	21	28	19	55	7	87	6	11	38	14	31	71	60	21	77	32	50	60	98	31	50	29	94	61	16	58	69	22	1	85	24	70	17	51	18	29	59	97	43	39	35	99	46	49	100	
83	64	5	88	46	76	22	46	35	42	91	73	51	25	13	17	11	18	98	87	98	11	96	97	36	13	28	63	50	77	92	7	93	12	47	19	5	5	75	29	52	90	89	41	91	37	58	78	98	80	
38	97	4	18	73	8	50	96	59	58	69	27	80	41	19	42	100	43	4	7	94	40	71	5	19	69	40	54	8	37	64	51	75	35	44	46	4	29	67	59	90	98	7	62	68	84	49	12	44	97	
92	90	68	99	30	30	41	85	26	44	81	50	72	34	5	84	23	46	91	55	15	80	84	11	81	22	63	49	20	79	95	88	66	94	94	88	91	38	47	97	89	7	14	8	69	82	28	98	89	74	
76	50	76	30	24	89	16	83	83	59	12	50	40	47	90	30	41	25	82	89	58	18	84	33	13	91	45	68	96	10	69	21	71	90	77	58	15	87	31	43	41	62	8	98	43	78	82	24	100	87	
82	60	83	40	13	82	87	21	54	98	35	12	17	13	58	12	39	14	24	10	60	80	8	53	47	92	81	7	5	91	76	51	22	76	40	48	33	47	34	39	91	68	69	43	21	14	26	91	55	23	
15	3	20	91	74	84	17	91	68	48	57	37	76	59	40	17	19	99	78	9	83	12	45	2	35	66	21	85	13	56	64	86	56	47	65	59	76	56	47	35	37	84	82	78	14	25	16	16	42	44	
59	97	20	44	30	17	96	8	38	35	45	63	12	5	52	3	67	22	12	54	41	88	13	6	59	80	63	45	84	51	31	14	79	87	25	4	31	28	58	99	58	49	28	82	26	16	6	75	91	96	
71	81	83	8	56	6	37	78	89	13	25	73	73	73	14	23	15	78	61	84	51	48	2	8	68	35	74	68	17	90	66	79	78	31	96	16	50	92	14	46	78	12	98	24	91	16	75	52	66	67	
41	50	99	59	85	63	12	79	81	79	57	33	5	96	92	62	20	14	91	61	40	32	85	16	6	9	2	4	87	33	95	51	66	1	55	99	23	19	56	49	98	44	89	100	55	42	91	66	28	84	
26	91	75	62	20	86	45	65	8	72	34	16	76	93	58	83	90	49	11	83	41	83	33	76	54	12	4	30	32	30	22	18	11	64	19	38	28	83	27	100	80	97	74	87	23	44	96	67	84	62	
