50
1276
82	36	65	60	23	74	76	10	56	96	37	49	58	33	32	17	56	38	98	23	7	17	76	5	87	54	20	20	57	15	12	96	36	87	32	56	8	1	96	74	83	13	31	2	72	45	62	65	63	73	
11	33	75	9	30	77	30	84	87	36	59	30	50	10	85	35	51	64	85	90	59	77	91	8	10	21	42	93	27	66	65	84	34	76	41	25	40	93	1	30	38	50	65	72	14	50	96	97	97	36	
33	24	85	44	55	16	91	59	90	45	79	17	6	54	22	60	62	45	35	54	74	61	78	91	10	10	87	15	36	86	57	44	36	18	73	75	32	63	96	19	20	33	85	48	53	75	94	35	18	98	
75	85	96	41	40	72	59	78	4	2	14	36	96	4	69	68	94	61	8	4	39	11	22	62	37	74	16	28	33	97	60	26	33	74	47	85	13	12	77	76	34	24	45	85	64	67	77	86	11	38	
9	44	41	77	12	57	21	72	20	32	13	81	45	37	32	65	87	55	8	68	25	51	61	30	59	58	74	32	31	14	86	98	79	1	33	10	1	22	34	30	65	93	20	37	48	54	44	6	70	65	
30	55	40	12	42	1	90	3	61	24	53	89	79	61	39	21	91	23	53	58	29	25	21	65	99	22	30	29	89	12	34	53	46	52	18	7	37	36	19	60	23	17	75	32	92	88	63	77	35	37	
77	16	72	57	1	17	25	99	6	11	40	74	59	83	83	87	94	99	47	72	79	97	90	49	93	95	84	98	35	14	88	15	25	13	69	100	39	91	37	40	18	23	74	36	90	38	78	49	71	79	
30	91	59	21	90	25	12	26	83	58	67	87	96	98	60	44	19	36	45	53	1	78	64	11	74	82	67	8	36	6	18	11	62	32	85	89	10	100	50	32	55	89	18	62	88	84	79	62	23	12	
84	59	78	72	3	99	26	96	13	43	3	71	64	61	69	37	72	65	63	92	73	94	83	76	86	10	18	46	10	3	92	29	92	48	61	62	68	36	47	87	67	88	83	52	92	4	45	45	88	10	
87	90	4	20	61	6	83	13	12	12	87	26	59	26	28	64	67	13	21	29	85	30	92	4	67	30	68	30	96	26	43	95	28	68	2	53	14	61	62	12	58	82	92	43	42	32	95	53	78	35	
36	45	2	32	24	11	58	43	12	43	75	42	1	47	9	13	1	84	57	49	64	27	7	78	61	22	32	53	38	57	56	36	13	75	22	27	85	37	31	19	93	42	21	64	31	57	35	52	18	19	
59	79	14	13	53	40	67	3	87	75	84	79	45	28	74	12	48	12	72	14	68	57	79	55	32	92	41	100	13	71	66	50	62	71	70	28	52	64	5	33	2	95	6	70	33	39	5	81	14	8	
30	17	36	81	89	74	87	71	26	42	79	22	77	55	76	81	14	78	26	40	32	25	94	21	83	7	81	97	45	64	87	61	22	71	59	22	18	56	24	49	31	72	84	73	46	13	99	53	44	21	
50	6	96	45	79	59	96	64	59	1	45	77	8	5	77	20	20	52	87	87	20	34	19	47	88	63	67	43	4	26	37	31	57	67	93	98	44	47	40	95	69	72	22	65	62	98	98	20	83	99	
10	54	4	37	61	83	98	61	26	47	28	55	5	60	69	99	5	38	2	65	50	7	43	15	79	93	70	36	49	87	11	38	16	7	56	60	10	69	84	91	67	97	59	93	7	85	65	44	4	84	
85	22	69	32	39	83	60	69	28	9	74	76	77	69	42	26	15	21	98	1	90	89	57	60	6	71	25	31	2	91	6	21	41	71	83	100	94	98	29	82	65	47	58	55	3	95	51	2	22	9	
35	60	68	65	21	87	44	37	64	13	12	81	20	99	26	38	81	17	76	2	69	99	70	32	11	82	25	7	69	26	53	26	92	1	28	50	9	45	72	53	35	16	87	37	20	71	62	96	54	45	
51	62	94	87	91	94	19	72	67	1	48	14	20	5	15	81	72	59	87	69	6	97	83	40	58	56	10	18	94	28	71	78	77	36	14	56	99	30	77	1	85	86	56	93	10	52	72	87	76	54	
64	45	61	55	23	99	36	65	13	84	12	78	52	38	21	17	59	66	31	64	90	60	61	45	68	48	80	88	98	39	38	27	87	50	2	35	1	78	17	72	3	35	27	79	63	89	72	27	47	31	
85	35	8	8	53	47	45	63	21	57	72	26	87	2	98	76	87	31	13	11	39	95	16	20	39	100	83	65	88	70	15	19	15	70	36	22	82	79	91	77	67	67	31	88	84	12	55	42	93	89	
90	54	4	68	58	72	53	92	29	49	14	40	87	65	1	2	69	64	11	18	97	20	57	85	41	61	93	8	37	92	96	52	84	12	91	30	66	76	53	69	99	10	93	39	91	93	75	44	46	54	
59	74	39	25	29	79	1	73	85	64	68	32	20	50	90	69	6	90	39	97	21	23	91	40	5	71	99	82	94	31	15	24	44	30	42	51	25	93	15	60	28	72	15	8	19	96	73	33	62	100	
77	61	11	51	25	97	78	94	30	27	57	25	34	7	89	99	97	60	95	20	23	81	60	75	50	87	98	89	25	88	38	29	25	36	93	17	45	7	86	55	26	61	38	9	9	89	68	21	78	25	
91	78	22	61	21	90	64	83	92	7	79	94	19	43	57	70	83	61	16	57	91	60	100	95	21	57	22	77	78	74	48	74	35	55	82	48	84	71	5	22	53	54	100	14	84	31	38	61	78	35	
8	91	62	30	65	49	11	76	4	78	55	21	47	15	60	32	40	45	20	85	40	75	95	35	30	30	66	89	65	73	94	69	18	32	23	60	60	17	73	20	56	8	49	78	97	46	10	8	62	14	
10	10	37	59	99	93	74	86	67	61	32	83	88	79	6	11	58	68	39	41	5	50	21	30	38	29	75	11	38	1	75	13	34	96	24	56	63	38	90	82	2	70	7	45	60	82	87	44	100	37	
21	10	74	58	22	95	82	10	30	22	92	7	63	93	71	82	56	48	100	61	71	87	57	30	29	83	3	11	25	32	62	95	54	100	78	39	45	31	75	93	62	80	49	59	45	63	17	92	70	71	
42	87	16	74	30	84	67	18	68	32	41	81	67	70	25	25	10	80	83	93	99	98	22	66	75	3	24	2	48	64	10	34	65	99	24	93	4	16	34	52	34	55	35	21	52	25	63	64	33	75	
93	15	28	32	29	98	8	46	30	53	100	97	43	36	31	7	18	88	65	8	82	89	77	89	11	11	2	14	33	17	74	32	93	46	79	8	83	87	89	27	11	22	25	8	58	95	45	14	8	53	
27	36	33	31	89	35	36	10	96	38	13	45	4	49	2	69	94	98	88	37	94	25	78	65	38	25	48	33	58	17	26	37	11	68	11	45	46	44	32	2	54	53	89	81	56	60	1	11	27	96	
66	86	97	14	12	14	6	3	26	57	71	64	26	87	91	26	28	39	70	92	31	88	74	73	1	32	64	17	17	69	52	63	27	98	50	9	25	9	42	50	18	98	3	89	7	80	14	100	45	42	
65	57	60	86	34	88	18	92	43	56	66	87	37	11	6	53	71	38	15	96	15	38	48	94	75	62	10	74	26	52	54	72	56	11	65	64	11	5	75	27	32	11	68	10	9	43	56	32	93	53	
84	44	26	98	53	15	11	29	95	36	50	61	31	38	21	26	78	27	19	52	24	29	74	69	13	95	34	32	37	63	72	71	89	96	35	72	27	33	20	70	73	83	29	78	25	89	7	33	9	35	
34	36	33	79	46	25	62	92	28	13	62	22	57	16	41	92	77	87	15	84	44	25	35	18	34	54	65	93	11	27	56	89	36	3	68	32	27	18	75	17	62	69	22	2	50	97	65	72	53	5	
76	18	74	1	52	13	32	48	68	75	71	71	67	7	71	1	36	50	70	12	30	36	55	32	96	100	99	46	68	98	11	96	3	53	88	53	14	22	23	11	59	89	93	21	46	4	28	36	85	69	
41	73	47	33	18	69	85	61	2	22	70	59	93	56	83	28	14	2	36	91	42	93	82	23	24	78	24	79	11	50	65	35	68	88	70	9	100	10	48	29	58	42	87	59	30	52	35	64	72	95	
25	75	85	10	7	100	89	62	53	27	28	22	98	60	100	50	56	35	22	30	51	17	48	60	56	39	93	8	45	9	64	72	32	53	9	34	97	69	21	22	91	6	78	41	76	35	10	8	62	86	
40	32	13	1	37	39	10	68	14	85	52	18	44	10	94	9	99	1	82	66	25	45	84	60	63	45	4	83	46	25	11	27	27	14	100	97	78	88	52	70	46	99	64	3	82	90	96	80	79	44	
93	63	12	22	36	91	100	36	61	37	64	56	47	69	98	45	30	78	79	76	93	7	71	17	38	31	16	87	44	9	5	33	18	22	10	69	88	24	37	58	70	31	36	92	75	38	93	95	55	25	
1	96	77	34	19	37	50	47	62	31	5	24	40	84	29	72	77	17	91	53	15	86	5	73	90	75	34	89	32	42	75	20	75	23	48	21	52	37	33	58	71	14	18	2	22	9	62	51	4	97	
30	19	76	30	60	40	32	87	12	19	33	49	95	91	82	53	1	72	77	69	60	55	22	20	82	93	52	27	2	50	27	70	17	11	29	22	70	58	58	100	74	63	57	72	26	18	46	78	64	74	
38	20	34	65	23	18	55	67	58	93	2	31	69	67	65	35	85	3	67	99	28	26	53	56	2	62	34	11	54	18	32	73	62	59	58	91	46	70	71	74	69	53	89	99	15	16	87	42	42	74	
50	33	24	93	17	23	89	88	82	42	95	72	72	97	47	16	86	35	67	10	72	61	54	8	70	80	55	22	53	98	11	83	69	89	42	6	99	31	14	63	53	28	14	65	60	43	97	83	84	96	
65	85	45	20	75	74	18	83	92	21	6	84	22	59	58	87	56	27	31	93	15	38	100	49	7	49	35	25	89	3	68	29	22	93	87	78	64	36	18	57	89	14	12	92	79	89	9	92	17	29	
72	48	85	37	32	36	62	52	43	64	70	73	65	93	55	37	93	79	88	39	8	9	14	78	45	59	21	8	81	89	10	78	2	21	59	41	3	92	2	72	99	65	92	54	42	68	35	47	96	58	
14	53	64	48	92	90	88	92	42	31	33	46	62	7	3	20	10	63	84	91	19	9	84	97	60	45	52	58	56	7	9	25	50	46	30	76	82	75	22	26	15	60	79	42	23	97	38	9	65	8	
50	75	67	54	88	38	84	4	32	57	39	13	98	85	95	71	52	89	12	93	96	89	31	46	82	63	25	95	60	80	43	89	97	4	52	35	90	38	9	18	16	43	89	68	97	36	69	48	5	90	
96	94	77	44	63	78	79	45	95	35	5	99	98	65	51	62	72	72	55	75	73	68	38	10	87	17	63	45	1	14	56	7	65	28	35	10	96	93	62	46	87	97	9	35	38	69	62	43	17	56	
97	35	86	6	77	49	62	45	53	52	81	53	20	44	2	96	87	27	42	44	33	21	61	8	44	92	64	14	11	100	32	33	72	36	64	8	80	95	51	78	42	83	92	47	9	48	43	46	62	50	
97	18	11	70	35	71	23	88	78	18	14	44	83	4	22	54	76	47	93	46	62	78	78	62	100	70	33	8	27	45	93	9	53	85	72	62	79	55	4	64	42	84	17	96	65	5	17	62	42	55	
36	98	38	65	37	79	12	10	35	19	8	21	99	84	9	45	54	31	89	54	100	25	35	14	37	71	75	53	96	42	53	35	5	69	95	86	44	25	97	74	74	96	29	58	8	90	56	50	55	45	
