50
1133
46	50	95	80	44	82	24	58	40	87	47	96	5	22	26	3	74	64	55	33	16	60	9	66	41	84	23	51	3	6	68	30	94	20	5	91	30	73	48	59	76	84	14	37	40	53	21	88	85	26	
76	5	24	6	3	6	57	89	16	26	3	33	61	56	15	18	63	40	12	32	80	78	78	85	95	68	88	14	28	6	89	56	22	32	7	15	32	65	28	75	83	10	10	77	60	6	65	33	93	95	
5	8	71	89	55	28	60	45	68	63	4	94	31	77	9	5	67	14	72	51	58	86	3	60	40	20	21	98	41	89	30	4	12	89	66	55	26	86	11	88	14	62	75	4	98	51	88	33	9	29	
24	71	61	42	86	35	24	92	73	68	18	26	31	1	66	86	59	98	64	87	41	63	58	41	62	99	99	42	17	43	23	34	38	10	71	64	99	55	5	82	77	48	74	45	55	6	13	29	2	95	
6	89	42	47	56	29	55	11	62	12	100	33	33	100	63	59	71	9	71	68	99	4	76	54	39	84	76	62	20	95	22	33	45	20	59	86	67	34	38	22	39	58	32	36	58	100	39	6	86	42	
3	55	86	56	8	4	52	83	4	23	53	62	86	54	84	93	71	33	64	21	66	58	29	44	35	11	71	87	59	80	58	48	79	46	22	47	98	96	73	61	74	54	58	58	66	96	64	46	79	49	
6	28	35	29	4	10	14	26	13	1	32	89	85	44	84	91	37	76	47	22	13	14	19	49	80	100	29	32	38	72	60	80	18	16	94	26	69	53	75	58	77	4	7	19	42	100	73	24	86	46	
57	60	24	55	52	14	50	61	74	35	85	52	16	7	64	34	94	76	97	44	46	54	28	57	41	53	82	2	12	55	77	87	56	100	64	36	16	48	73	56	70	25	64	83	31	14	68	64	32	32	
89	45	92	11	83	26	61	41	38	84	88	22	91	68	9	16	74	40	84	25	39	85	8	28	18	42	19	38	8	30	33	70	91	62	49	17	80	65	76	57	36	47	87	35	59	64	20	14	17	14	
16	68	73	62	4	13	74	38	59	27	26	58	84	48	38	47	31	80	63	28	40	63	70	62	9	50	21	65	33	78	70	23	54	16	2	33	25	27	76	60	3	12	44	56	45	55	11	82	43	14	
26	63	68	12	23	1	35	84	27	13	33	11	61	53	77	47	29	18	54	84	31	94	84	57	99	28	15	7	93	60	48	44	75	54	34	20	33	74	34	69	13	26	15	39	52	20	11	43	88	55	
3	4	18	100	53	32	85	88	26	33	69	81	25	96	57	39	98	74	51	82	7	48	23	32	95	5	6	46	3	41	61	25	99	89	80	85	13	14	8	11	84	84	92	33	91	35	98	45	6	81	
33	94	26	33	62	89	52	22	58	11	81	35	24	21	24	19	35	79	68	29	15	69	15	73	15	26	13	28	94	63	20	89	23	36	97	42	19	41	85	28	17	55	49	66	83	95	55	36	22	2	
61	31	31	33	86	85	16	91	84	61	25	24	72	38	57	84	62	46	58	50	90	79	66	99	79	53	70	46	77	40	15	88	38	34	67	55	20	13	58	30	78	84	66	46	70	92	88	66	15	59	
56	77	1	100	54	44	7	68	48	53	96	21	38	95	30	98	14	19	63	90	93	16	61	86	47	72	23	55	40	66	67	62	69	43	72	4	4	84	65	86	87	20	56	76	24	93	42	62	41	73	
15	9	66	63	84	84	64	9	38	77	57	24	57	30	21	60	18	55	11	93	57	94	59	60	47	73	54	42	93	92	11	68	7	90	12	14	93	2	28	81	59	59	78	70	76	24	2	24	29	78	
18	5	86	59	93	91	34	16	47	47	39	19	84	98	60	63	28	49	2	100	1	10	23	48	87	52	39	53	51	52	48	60	33	16	40	52	51	13	93	45	3	64	18	36	75	10	11	79	11	80	
63	67	59	71	71	37	94	74	31	29	98	35	62	14	18	28	73	67	25	14	85	39	74	47	5	53	67	11	31	56	58	32	92	59	82	5	1	20	41	95	33	65	27	78	50	61	96	72	54	24	
40	14	98	9	33	76	76	40	80	18	74	79	46	19	55	49	67	64	30	26	11	9	96	55	77	25	81	4	17	9	49	56	59	21	73	10	19	61	9	77	40	49	85	91	29	6	29	47	17	49	
12	72	64	71	64	47	97	84	63	54	51	68	58	63	11	2	25	30	53	42	94	25	35	33	66	73	32	93	98	20	20	12	54	25	48	24	21	59	74	89	53	57	42	80	50	21	10	38	35	89	
32	51	87	68	21	22	44	25	28	84	82	29	50	90	93	100	14	26	42	38	11	2	82	88	80	5	35	6	54	54	65	30	28	44	4	59	50	28	57	3	21	73	84	38	20	47	11	45	48	72	
80	58	41	99	66	13	46	39	40	31	7	15	90	93	57	1	85	11	94	11	36	87	59	72	36	34	65	14	18	22	100	27	17	37	93	22	46	6	60	10	21	15	77	30	55	32	29	74	35	94	
78	86	63	4	58	14	54	85	63	94	48	69	79	16	94	10	39	9	25	2	87	15	59	95	36	78	99	95	9	20	86	45	34	18	30	3	86	49	11	56	66	9	38	60	45	4	19	100	98	22	
78	3	58	76	29	19	28	8	70	84	23	15	66	61	59	23	74	96	35	82	59	59	30	68	81	18	92	26	60	17	83	24	1	98	62	43	14	52	35	38	52	81	4	38	2	9	46	95	56	53	
85	60	41	54	44	49	57	28	62	57	32	73	99	86	60	48	47	55	33	88	72	95	68	73	56	88	36	82	13	23	100	28	84	21	67	60	93	70	28	99	96	25	87	59	77	25	55	66	34	34	
95	40	62	39	35	80	41	18	9	99	95	15	79	47	47	87	5	77	66	80	36	36	81	56	12	20	99	47	17	49	15	72	10	47	36	16	76	94	40	98	64	1	59	71	74	79	74	100	17	27	
68	20	99	84	11	100	53	42	50	28	5	26	53	72	73	52	53	25	73	5	34	78	18	88	20	46	67	56	39	35	54	1	75	24	73	85	38	53	48	20	55	54	35	73	2	90	96	60	30	51	
88	21	99	76	71	29	82	19	21	15	6	13	70	23	54	39	67	81	32	35	65	99	92	36	99	67	63	71	80	41	36	8	76	2	60	5	37	6	77	51	77	4	79	9	28	44	10	86	83	28	
14	98	42	62	87	32	2	38	65	7	46	28	46	55	42	53	11	4	93	6	14	95	26	82	47	56	71	52	86	41	72	31	52	64	63	73	95	53	23	87	30	99	64	24	56	89	9	17	26	24	
28	41	17	20	59	38	12	8	33	93	3	94	77	40	93	51	31	17	98	54	18	9	60	13	17	39	80	86	68	94	61	42	29	35	86	51	87	66	49	20	38	76	24	1	76	81	72	66	62	55	
6	89	43	95	80	72	55	30	78	60	41	63	40	66	92	52	56	9	20	54	22	20	17	23	49	35	41	41	94	56	39	73	99	72	100	14	91	51	31	13	59	7	73	60	16	100	12	10	87	21	
89	30	23	22	58	60	77	33	70	48	61	20	15	67	11	48	58	49	20	65	100	86	83	100	15	54	36	72	61	39	86	19	79	37	15	77	71	99	81	1	58	7	89	37	80	98	34	21	31	8	
56	4	34	33	48	80	87	70	23	44	25	89	88	62	68	60	32	56	12	30	27	45	24	28	72	1	8	31	42	73	19	53	82	34	9	21	73	14	82	3	51	73	74	48	61	83	79	92	8	74	
22	12	38	45	79	18	56	91	54	75	99	23	38	69	7	33	92	59	54	28	17	34	1	84	10	75	76	52	29	99	79	82	72	44	92	48	52	26	82	81	76	99	60	69	97	84	30	57	99	12	
32	89	10	20	46	16	100	62	16	54	89	36	34	43	90	16	59	21	25	44	37	18	98	21	47	24	2	64	35	72	37	34	44	63	62	88	38	7	20	15	3	51	71	43	46	60	86	79	21	81	
7	66	71	59	22	94	64	49	2	34	80	97	67	72	12	40	82	73	48	4	93	30	62	67	36	73	60	63	86	100	15	9	92	62	78	53	78	28	33	74	85	33	46	85	59	86	42	46	95	32	
15	55	64	86	47	26	36	17	33	20	85	42	55	4	14	52	5	10	24	59	22	3	43	60	16	85	5	73	51	14	77	21	48	88	53	51	10	20	83	70	67	27	38	38	72	62	16	48	44	85	
32	26	99	67	98	69	16	80	25	33	13	19	20	4	93	51	1	19	21	50	46	86	14	93	76	38	37	95	87	91	71	73	52	38	78	10	92	73	30	35	50	98	10	72	42	54	35	48	37	4	
65	86	55	34	96	53	48	65	27	74	14	41	13	84	2	13	20	61	59	28	6	49	52	70	94	53	6	53	66	51	99	14	26	7	28	20	73	67	22	12	21	42	27	71	55	74	90	16	60	93	
28	11	5	38	73	75	73	76	76	34	8	85	58	65	28	93	41	9	74	57	60	11	35	28	40	48	77	23	49	31	81	82	82	20	33	83	30	22	32	82	50	100	74	83	25	9	14	48	74	36	
75	88	82	22	61	58	56	57	60	69	11	28	30	86	81	45	95	77	89	3	10	56	38	99	98	20	51	87	20	13	1	3	81	15	74	70	35	12	82	69	72	99	24	26	46	70	25	53	69	91	
83	14	77	39	74	77	70	36	3	13	84	17	78	87	59	3	33	40	53	21	21	66	52	96	64	55	77	30	38	59	58	51	76	3	85	67	50	21	50	72	30	96	90	26	75	5	26	63	36	55	
10	62	48	58	54	4	25	47	12	26	84	55	84	20	59	64	65	49	57	73	15	9	81	25	1	54	4	99	76	7	7	73	99	51	33	27	98	42	100	99	96	28	84	16	15	47	18	22	3	60	
10	75	74	32	58	7	64	87	44	15	92	49	66	56	78	18	27	85	42	84	77	38	4	87	59	35	79	64	24	73	89	74	60	71	46	38	10	27	74	24	90	84	36	38	55	35	20	78	76	75	
77	4	45	36	58	19	83	35	56	39	33	66	46	76	70	36	78	91	80	38	30	60	38	59	71	73	9	24	1	60	37	48	69	43	85	38	72	71	83	26	26	16	38	52	30	83	27	78	60	26	
60	98	55	58	66	42	31	59	45	52	91	83	70	24	76	75	50	29	50	20	55	45	2	77	74	2	28	56	76	16	80	61	97	46	59	72	42	55	25	46	75	15	55	30	34	41	62	38	50	13	
6	51	6	100	96	100	14	64	55	20	35	95	92	93	24	10	61	6	21	47	32	4	9	25	79	90	44	89	81	100	98	83	84	60	86	62	54	74	9	70	5	47	35	83	41	55	43	66	20	2	
65	88	13	39	64	73	68	20	11	11	98	55	88	42	2	11	96	29	10	11	29	19	46	55	74	96	10	9	72	12	34	79	30	86	42	16	35	90	14	25	26	18	20	27	62	43	13	22	28	59	
33	33	29	6	46	24	64	14	82	43	45	36	66	62	24	79	72	47	38	45	74	100	95	66	100	60	86	17	66	10	21	92	57	79	46	48	48	16	48	53	63	22	78	78	38	66	22	14	72	37	
93	9	2	86	79	86	32	17	43	88	6	22	15	41	29	11	54	17	35	48	35	98	56	34	17	30	83	26	62	87	31	8	99	21	95	44	37	60	74	69	36	3	76	60	50	20	28	72	54	20	
95	29	95	42	49	46	32	14	14	55	81	2	59	73	78	80	24	49	89	72	94	22	53	34	27	51	28	24	55	21	8	74	12	81	32	85	4	93	36	91	55	60	75	26	13	2	59	37	20	55	
