50
1066
52	21	34	89	25	18	18	76	19	79	8	2	54	98	90	72	21	13	34	50	63	10	90	66	57	94	35	34	9	85	16	69	34	45	8	15	71	56	53	9	70	8	34	6	26	84	20	63	99	76	
86	72	94	21	86	55	19	36	25	32	76	8	90	66	8	17	47	42	2	55	14	56	81	94	99	56	71	2	30	82	63	60	4	98	93	12	45	41	68	79	9	89	44	97	1	80	46	44	26	55	
72	90	27	39	63	50	24	40	15	19	85	50	99	48	82	99	23	62	25	13	64	60	70	87	80	66	42	10	96	51	1	85	94	45	82	53	100	85	36	57	1	75	81	87	30	18	43	11	57	19	
94	27	84	58	1	83	66	60	41	77	44	72	67	76	49	81	55	2	45	48	9	66	60	14	31	92	89	99	15	27	86	16	56	26	52	86	31	24	47	83	76	59	52	70	52	11	71	51	51	10	
21	39	58	23	27	24	17	41	94	12	35	39	64	87	47	49	1	63	25	62	88	44	22	62	65	5	98	77	12	55	99	47	49	7	72	81	5	20	95	32	56	76	28	24	45	35	77	38	21	9	
86	63	1	27	56	23	100	50	68	64	12	7	44	29	1	22	7	91	61	33	25	87	36	26	30	26	74	43	77	48	32	79	43	66	23	86	67	3	54	58	1	54	73	70	78	57	91	66	48	70	
55	50	83	24	23	30	29	12	8	54	42	11	95	78	48	96	80	63	22	82	28	84	10	34	2	64	45	15	54	49	14	20	59	26	34	100	17	79	4	20	57	8	45	80	4	81	28	98	61	59	
19	24	66	17	100	29	43	44	65	91	67	30	84	56	99	95	98	36	22	45	36	22	26	89	97	8	14	34	32	15	31	54	90	19	93	11	43	14	47	58	86	49	74	59	89	80	12	90	88	65	
36	40	60	41	50	12	44	54	88	76	66	24	20	43	26	32	50	82	87	78	57	90	90	53	4	43	97	66	82	41	20	22	48	27	51	50	14	21	51	39	50	72	2	42	38	24	43	29	43	85	
25	15	41	94	68	8	65	88	14	5	10	53	52	45	53	25	44	86	75	61	46	46	94	76	60	51	22	3	44	71	82	100	42	25	11	86	50	22	50	80	49	7	39	22	96	100	96	3	28	77	
32	19	77	12	64	54	91	76	5	63	1	79	32	20	100	47	99	22	59	55	87	16	11	19	65	13	21	93	82	36	84	78	44	20	73	85	61	71	52	27	32	23	83	38	56	67	63	79	38	88	
76	85	44	35	12	42	67	66	10	1	58	27	40	97	63	7	14	17	74	56	74	58	32	67	28	97	96	57	87	48	85	15	13	93	90	55	86	61	94	39	31	49	67	30	1	86	7	96	81	55	
8	50	72	39	7	11	30	24	53	79	27	40	25	81	26	95	52	34	56	81	53	70	38	97	41	65	14	86	44	17	48	93	73	11	5	32	83	42	85	30	46	2	66	9	54	11	68	88	62	73	
90	99	67	64	44	95	84	20	52	32	40	25	81	58	65	48	35	84	26	51	91	47	9	25	100	16	61	29	58	33	34	55	63	81	87	62	54	51	76	77	85	60	4	96	41	81	84	72	71	50	
66	48	76	87	29	78	56	43	45	20	97	81	58	53	79	74	6	93	49	65	61	1	87	75	100	59	61	43	26	44	67	96	74	42	35	92	6	53	38	55	32	57	6	38	92	79	61	78	29	51	
8	82	49	47	1	48	99	26	53	100	63	26	65	79	70	52	63	96	23	70	68	7	89	74	60	67	73	53	90	23	18	69	62	29	32	70	62	33	18	69	47	64	63	100	10	67	21	22	70	93	
17	99	81	49	22	96	95	32	25	47	7	95	48	74	52	23	22	48	16	94	10	49	79	18	90	72	8	23	41	69	29	20	49	2	16	6	10	77	63	41	24	2	42	39	4	91	81	53	55	92	
47	23	55	1	7	80	98	50	44	99	14	52	35	6	63	22	86	11	96	38	38	10	36	68	94	96	46	77	54	34	60	62	70	43	90	60	41	59	74	81	77	80	50	40	47	7	34	20	84	39	
42	62	2	63	91	63	36	82	86	22	17	34	84	93	96	48	11	15	89	84	82	43	84	34	57	82	87	54	44	22	57	59	76	98	15	81	15	39	60	51	35	76	68	64	92	10	12	62	83	20	
2	25	45	25	61	22	22	87	75	59	74	56	26	49	23	16	96	89	93	41	13	58	100	88	93	28	22	14	50	78	40	45	54	12	33	76	71	38	34	3	84	11	39	85	44	71	16	68	80	92	
55	13	48	62	33	82	45	78	61	55	56	81	51	65	70	94	38	84	41	30	81	55	37	32	96	39	34	71	37	99	89	96	15	67	99	79	61	79	61	58	51	63	2	93	18	63	21	68	96	76	
14	64	9	88	25	28	36	57	46	87	74	53	91	61	68	10	38	82	13	81	93	65	38	7	37	37	34	30	72	99	66	95	2	14	44	68	98	4	23	39	7	33	41	70	54	63	43	77	34	79	
56	60	66	44	87	84	22	90	46	16	58	70	47	1	7	49	10	43	58	55	65	77	15	65	86	51	38	87	7	56	81	59	62	83	68	21	57	45	76	85	44	30	100	29	28	29	23	93	27	47	
81	70	60	22	36	10	26	90	94	11	32	38	9	87	89	79	36	84	100	37	38	15	89	42	9	62	20	88	34	96	50	65	12	11	5	60	10	49	46	60	5	27	47	49	81	94	66	71	91	56	
94	87	14	62	26	34	89	53	76	19	67	97	25	75	74	18	68	34	88	32	7	65	42	52	49	13	25	89	99	86	95	53	52	13	58	1	40	39	81	14	12	59	24	44	38	18	100	29	91	55	
99	80	31	65	30	2	97	4	60	65	28	41	100	100	60	90	94	57	93	96	37	86	9	49	35	67	75	44	4	26	51	56	51	20	82	67	69	54	100	55	34	32	4	83	69	73	2	38	22	22	
56	66	92	5	26	64	8	43	51	13	97	65	16	59	67	72	96	82	28	39	37	51	62	13	67	17	85	17	87	10	92	89	58	87	1	7	74	51	27	4	68	5	95	77	97	14	87	29	70	100	
71	42	89	98	74	45	14	97	22	21	96	14	61	61	73	8	46	87	22	34	34	38	20	25	75	85	89	98	98	73	32	68	81	52	44	48	15	34	60	52	43	20	17	69	44	99	88	89	51	50	
2	10	99	77	43	15	34	66	3	93	57	86	29	43	53	23	77	54	14	71	30	87	88	89	44	17	98	50	96	97	95	40	91	33	8	84	73	44	66	85	81	31	42	49	35	4	63	73	61	44	
30	96	15	12	77	54	32	82	44	82	87	44	58	26	90	41	54	44	50	37	72	7	34	99	4	87	98	96	46	66	56	42	54	96	11	43	11	33	73	20	75	19	47	49	68	46	60	22	93	26	
82	51	27	55	48	49	15	41	71	36	48	17	33	44	23	69	34	22	78	99	99	56	96	86	26	10	73	97	66	49	5	45	16	65	65	35	17	34	83	21	72	3	35	40	40	50	28	50	60	89	
63	1	86	99	32	14	31	20	82	84	85	48	34	67	18	29	60	57	40	89	66	81	50	95	51	92	32	95	56	5	58	94	19	86	53	54	8	31	18	10	40	42	59	8	55	14	3	19	55	99	
60	85	16	47	79	20	54	22	100	78	15	93	55	96	69	20	62	59	45	96	95	59	65	53	56	89	68	40	42	45	94	91	13	26	22	39	64	4	68	46	2	20	49	71	3	50	4	71	19	94	
4	94	56	49	43	59	90	48	42	44	13	73	63	74	62	49	70	76	54	15	2	62	12	52	51	58	81	91	54	16	19	13	35	2	50	4	63	51	80	85	20	30	6	72	36	41	52	63	39	52	
98	45	26	7	66	26	19	27	25	20	93	11	81	42	29	2	43	98	12	67	14	83	11	13	20	87	52	33	96	65	86	26	2	53	91	8	76	52	9	17	24	71	45	63	31	21	23	21	3	89	
93	82	52	72	23	34	93	51	11	73	90	5	87	35	32	16	90	15	33	99	44	68	5	58	82	1	44	8	11	65	53	22	50	91	34	6	56	92	68	63	94	69	8	72	17	53	89	81	5	64	
12	53	86	81	86	100	11	50	86	85	55	32	62	92	70	6	60	81	76	79	68	21	60	1	67	7	48	84	43	35	54	39	4	8	6	26	78	76	7	27	47	79	81	63	93	29	98	16	81	3	
45	100	31	5	67	17	43	14	50	61	86	83	54	6	62	10	41	15	71	61	98	57	10	40	69	74	15	73	11	17	8	64	63	76	56	78	74	99	97	93	46	96	60	21	87	78	14	9	64	62	
41	85	24	20	3	79	14	21	22	71	61	42	51	53	33	77	59	39	38	79	4	45	49	39	54	51	34	44	33	34	31	4	51	52	92	76	99	71	61	3	5	25	9	40	23	85	54	79	72	93	
68	36	47	95	54	4	47	51	50	52	94	85	76	38	18	63	74	60	34	61	23	76	46	81	100	27	60	66	73	83	18	68	80	9	68	7	97	61	92	97	73	3	65	50	90	48	27	29	21	79	
79	57	83	32	58	20	58	39	80	27	39	30	77	55	69	41	81	51	3	58	39	85	60	14	55	4	52	85	20	21	10	46	85	17	63	27	93	3	97	84	73	69	58	85	12	59	50	63	29	56	
9	1	76	56	1	57	86	50	49	32	31	46	85	32	47	24	77	35	84	51	7	44	5	12	34	68	43	81	75	72	40	2	20	24	94	47	46	5	73	73	45	15	93	31	39	73	53	72	26	64	
89	75	59	76	54	8	49	72	7	23	49	2	60	57	64	2	80	76	11	63	33	30	27	59	32	5	20	31	19	3	42	20	30	71	69	79	96	25	3	69	15	3	92	69	26	66	98	57	95	99	
44	81	52	28	73	45	74	2	39	83	67	66	4	6	63	42	50	68	39	2	41	100	47	24	4	95	17	42	47	35	59	49	6	45	8	81	60	9	65	58	93	92	99	26	38	4	83	99	50	37	
97	87	70	24	70	80	59	42	22	38	30	9	96	38	100	39	40	64	85	93	70	29	49	44	83	77	69	49	49	40	8	71	72	63	72	63	21	40	50	85	31	69	26	40	89	78	50	79	72	93	
1	30	52	45	78	4	89	38	96	56	1	54	41	92	10	4	47	92	44	18	54	28	81	38	69	97	44	35	68	40	55	3	36	31	17	93	87	23	90	12	39	26	38	89	62	77	73	82	20	63	
80	18	11	35	57	81	80	24	100	67	86	11	81	79	67	91	7	10	71	63	63	29	94	18	73	14	99	4	46	50	14	50	41	21	53	29	78	85	48	59	73	66	4	78	77	37	90	18	28	73	
46	43	71	77	91	28	12	43	96	63	7	68	84	61	21	81	34	12	16	21	43	23	66	100	2	87	88	63	60	28	3	4	52	23	89	98	14	54	27	50	53	98	83	50	73	90	40	56	2	42	
44	11	51	38	66	98	90	29	3	79	96	88	72	78	22	53	20	62	68	68	77	93	71	29	38	29	89	73	22	50	19	71	63	21	81	16	9	79	29	63	72	57	99	79	82	18	56	75	2	16	
26	57	51	21	48	61	88	43	28	38	81	62	71	29	70	55	84	83	80	96	34	27	91	91	22	70	51	61	93	60	55	19	39	3	5	81	64	72	21	29	26	95	50	72	20	28	2	2	61	52	
55	19	10	9	70	59	65	85	77	88	55	73	50	51	93	92	39	20	92	76	79	47	56	55	22	100	50	44	26	89	99	94	52	89	64	3	62	93	79	56	64	99	37	93	63	73	42	16	52	97	
